100
66 95 6270
55 62 3410
7 32 223
76 18 1368
59 13 766
71 3 213
45 43 1934
60 9 539
22 18 396
94 29 2725
18 68 1223
12 90 1080
42 41 1722
100 23 2299
16 31 495
12 91 1091
53 16 847
24 22 527
7 50 350
92 34 3128
64 39 2495
90 42 3780
76 58 4408
6 78 468
63 68 4284
99 89 8810
68 29 1972
100 22 2199
15 18 270
58 70 4060
34 79 2685
83 31 2573
47 92 4323
5 80 400
2 70 139
72 86 6191
68 100 6800
33 7 231
80 75 5999
27 40 1080
72 67 4823
40 35 1399
90 83 7469
88 28 2463
97 22 2133
11 8 88
78 20 1559
65 56 3640
98 62 6076
54 31 1674
40 3 119
11 31 340
31 98 3037
87 68 5915
65 38 2469
32 29 927
54 48 2592
94 94 8836
47 35 1645
50 34 1699
53 24 1271
93 7 650
6 93 558
75 44 3300
69 17 1172
42 55 2309
8 69 551
76 9 684
94 23 2162
65 98 6369
63 16 1007
40 61 2440
36 13 467
71 67 4757
80 17 1359
37 70 2590
46 63 2897
58 84 4871
96 46 4415
9 99 891
46 35 1609
94 48 4511
28 35 979
2 25 50
46 35 1609
81 97 7856
95 38 3609
26 69 1793
70 45 3150
71 6 426
87 32 2784
15 41 614
14 89 1246
77 9 692
98 57 5586
8 62 496
51 58 2957
88 94 8271
34 15 510
88 43 3784
