100
3 57 60
52 96 147
85 40 124
92 55 146
72 69 141
36 68 103
8 15 23
96 94 190
36 98 133
94 63 156
45 73 117
62 71 133
98 90 188
19 12 30
33 86 119
63 37 100
20 87 107
40 38 78
24 83 106
63 86 148
6 45 51
79 85 163
54 62 116
63 48 111
24 97 121
63 97 159
48 35 83
37 34 71
96 32 127
55 73 128
46 31 76
29 13 41
17 85 101
24 79 102
53 33 86
73 3 75
28 83 111
39 91 129
79 48 127
79 3 81
96 53 149
33 3 35
71 34 105
14 63 77
34 33 67
74 7 81
18 98 115
39 60 98
17 33 49
2 56 57
45 60 104
97 68 164
37 98 135
11 37 48
44 9 53
34 9 43
62 82 144
75 77 151
6 69 75
13 87 100
33 42 75
67 36 102
98 72 170
49 8 56
13 12 24
44 63 106
8 82 90
29 11 40
82 16 97
69 44 113
81 27 107
45 81 126
16 32 48
91 1 91
93 1 94
83 30 113
31 16 47
87 61 148
86 69 154
86 72 157
31 61 91
48 5 53
38 74 111
10 39 49
33 50 83
32 70 101
85 81 165
85 88 172
54 81 135
9 86 95
59 39 97
70 87 156
73 74 147
67 33 100
89 62 150
21 39 60
47 71 118
65 1 65
12 79 91
44 83 127
