100
25 24 600
73 90 6569
2 60 119
28 14 392
49 30 1470
83 65 5394
24 44 1056
20 3 59
57 4 227
98 89 8721
51 11 560
1 56 55
41 77 3156
84 66 5544
7 62 434
29 76 2204
93 46 4278
83 77 6391
21 16 336
97 20 1939
76 51 3875
16 45 720
88 19 1671
51 17 867
64 43 2751
81 72 5831
46 58 2667
19 39 740
23 29 667
21 15 315
1 32 31
82 19 1558
36 23 827
67 35 2344
29 85 2464
37 11 407
57 18 1025
27 69 1863
29 38 1102
81 97 7856
57 92 5243
14 72 1007
42 28 1175
59 1 59
10 51 509
41 85 3484
22 35 770
73 68 4963
5 54 269
32 92 2943
72 60 4319
32 95 3040
100 84 8399
44 56 2464
7 48 335
80 88 7040
87 79 6872
31 20 620
57 85 4844
77 6 461
5 70 350
24 49 1176
5 100 500
90 57 5129
28 21 587
52 1 51
27 38 1025
71 50 3549
4 53 211
59 76 4483
62 24 1488
33 38 1254
67 67 4489
54 76 4104
90 9 809
53 45 2384
60 26 1559
19 75 1424
98 58 5684
23 28 643
40 12 479
35 64 2239
73 74 5401
46 36 1656
22 94 2068
35 53 1855
16 97 1552
2 89 177
31 31 960
11 55 605
62 7 433
72 16 1152
97 71 6886
33 50 1650
35 91 3184
39 86 3354
90 56 5040
42 22 923
89 91 8099
65 4 259
