100
34 31 65
79 66 144
85 73 158
53 90 143
87 71 158
87 30 116
17 99 116
6 21 27
6 91 97
28 9 36
30 64 93
42 28 69
34 7 41
16 35 50
86 16 101
59 42 101
81 41 122
10 4 14
88 53 140
73 1 73
59 8 66
4 59 62
44 74 117
80 73 153
63 62 124
16 81 96
23 63 86
93 20 113
91 70 160
50 9 59
64 12 75
89 96 185
39 79 118
76 27 102
68 61 129
50 39 88
66 58 123
83 1 84
21 6 27
58 52 110
63 100 163
62 44 106
20 44 63
41 82 123
31 73 103
47 35 82
64 19 83
8 93 101
87 93 180
47 72 118
60 24 83
96 58 153
41 25 66
2 89 90
68 85 152
12 73 84
28 43 70
58 9 67
75 6 80
86 19 105
71 50 121
63 80 142
24 20 44
20 77 96
44 56 100
60 92 152
5 30 34
36 36 72
53 56 109
4 24 28
2 2 4
11 81 92
90 1 91
99 42 141
18 57 75
46 6 52
83 32 114
49 89 137
52 70 122
95 53 147
42 93 135
98 12 109
41 49 90
82 83 165
78 26 103
18 8 26
38 18 56
66 64 130
66 29 95
96 63 158
63 92 154
15 52 66
74 90 163
43 3 46
24 27 50
27 32 59
65 58 122
79 13 92
87 43 130
19 39 57
