10000
88 71 159
74 68 141
100 76 175
27 35 61
73 61 134
4 4 8
100 81 180
2 97 99
43 19 62
100 41 140
74 68 141
98 13 111
75 72 147
5 7 11
54 94 147
33 85 118
20 64 83
64 48 111
99 86 185
19 57 75
87 62 148
44 28 72
98 23 120
76 49 125
49 64 113
27 76 102
57 56 112
22 44 65
21 83 103
73 94 166
9 98 106
87 56 142
35 69 103
93 12 105
28 2 29
21 96 117
56 78 134
28 67 94
50 4 54
43 93 135
55 76 130
30 59 89
72 90 161
7 13 19
21 62 83
30 78 108
56 77 132
20 12 32
81 60 140
59 43 102
39 2 41
16 67 83
10 11 21
5 3 8
53 97 150
33 30 63
18 31 48
34 37 71
51 38 88
86 63 148
85 51 136
65 93 157
83 18 100
7 53 59
14 40 53
15 28 43
77 33 110
16 18 33
5 31 36
41 85 126
96 82 178
60 47 106
54 25 78
52 11 63
59 75 133
48 85 132
22 37 59
19 26 45
5 98 102
9 45 54
42 4 46
7 70 77
41 8 49
5 68 72
44 68 112
12 76 87
98 45 142
47 73 120
90 22 112
13 38 51
11 1 11
62 75 136
97 17 113
25 92 117
59 81 139
99 66 165
88 18 106
24 35 58
60 53 113
37 34 70
67 25 91
28 92 120
95 52 146
54 41 95
66 81 147
29 27 56
57 18 74
32 17 48
31 80 111
97 21 118
13 32 44
10 50 60
11 3 14
46 96 141
28 6 33
73 98 171
53 50 103
3 61 64
46 29 75
11 66 76
39 29 67
59 52 110
60 42 102
84 30 113
39 17 56
32 69 101
78 11 89
29 76 104
20 80 99
59 6 64
4 25 29
94 16 109
47 89 136
6 87 92
4 96 100
88 44 132
88 50 138
34 66 99
61 21 81
58 89 147
75 7 81
94 95 189
63 9 71
50 65 114
18 86 104
52 50 101
39 22 61
20 10 29
22 70 91
49 51 99
45 98 142
77 64 141
67 35 101
4 42 45
23 47 70
68 87 155
19 8 27
98 98 195
1 49 50
39 65 103
76 100 176
16 35 51
81 25 106
68 49 116
23 50 73
68 100 168
89 29 118
55 92 146
96 30 126
92 54 145
69 14 83
49 8 57
68 11 78
28 95 123
45 17 62
97 74 170
34 10 44
72 60 132
61 58 119
55 2 57
85 14 99
76 52 127
60 29 88
67 76 142
85 36 120
36 86 121
2 91 92
15 80 94
65 92 156
46 100 145
69 71 139
58 43 101
54 46 100
51 25 75
14 12 26
11 54 65
56 35 90
77 59 135
30 97 126
43 25 68
98 97 194
38 80 118
23 54 76
59 76 135
41 32 73
41 28 69
75 84 158
68 25 92
26 2 28
31 13 44
66 90 155
73 93 166
62 48 110
9 70 79
16 3 18
37 64 101
25 63 87
32 10 42
11 89 100
21 44 64
63 12 75
84 83 167
28 88 116
35 61 95
61 78 139
21 60 81
34 52 86
89 12 100
43 81 124
21 39 60
66 6 72
36 51 86
19 35 53
39 37 75
24 29 52
47 43 89
14 56 69
77 76 152
99 95 193
4 51 54
17 11 27
35 41 75
93 90 183
78 27 105
84 13 96
67 92 159
67 66 132
28 58 85
6 35 40
30 87 117
64 48 111
57 14 71
18 66 84
58 72 129
64 59 122
87 12 98
28 5 32
59 20 78
13 71 84
41 50 90
64 71 135
22 22 44
93 47 139
89 13 102
1 67 67
63 42 104
67 34 100
40 92 131
51 36 87
35 36 71
55 72 127
11 72 82
72 54 126
3 26 28
41 76 117
93 20 112
91 25 116
23 41 63
64 97 161
22 77 99
4 38 42
86 68 153
47 61 108
75 96 170
52 77 128
65 81 146
61 9 70
78 92 170
91 67 157
35 44 79
99 80 178
14 84 98
15 45 60
76 71 147
86 26 111
33 25 57
13 59 71
14 11 24
60 36 96
52 79 130
66 26 92
48 54 102
68 8 75
23 92 114
75 49 124
43 76 118
92 8 100
55 63 117
100 24 123
42 24 65
89 98 186
93 33 126
30 18 48
93 48 141
80 34 113
92 50 142
95 94 189
19 48 66
67 39 106
34 96 129
15 34 49
95 6 101
57 73 130
97 43 140
15 8 23
20 75 95
77 5 81
38 29 67
60 70 129
18 95 112
52 52 104
56 21 76
36 52 87
71 30 100
63 91 153
34 44 77
8 14 22
30 82 111
59 53 111
86 90 175
45 71 115
92 2 93
19 84 103
54 30 83
20 37 57
88 41 129
77 61 138
88 60 148
81 51 132
27 20 46
84 77 161
34 45 78
22 56 77
76 68 143
9 16 24
93 31 123
1 22 23
1 85 86
65 21 86
75 32 107
62 48 109
42 96 138
53 49 101
33 29 61
64 93 157
52 92 144
68 71 138
3 32 35
35 34 69
6 20 25
32 2 34
99 11 109
30 85 115
16 60 76
26 42 68
47 41 87
55 75 130
10 4 14
68 15 83
1 20 21
94 58 151
58 56 113
54 69 122
51 78 128
7 62 68
38 95 132
100 68 167
70 20 90
91 52 142
62 26 88
84 23 106
54 70 124
81 24 105
5 99 104
66 92 157
42 15 56
88 33 121
62 16 78
15 43 58
88 53 141
84 18 102
68 4 71
99 7 106
89 31 120
10 53 62
48 55 103
66 5 70
38 22 59
72 74 145
47 26 72
71 72 143
24 52 76
48 93 141
30 86 115
35 19 54
69 89 158
8 85 92
14 67 80
54 53 106
42 18 59
32 93 124
61 12 72
64 86 149
98 74 171
56 2 58
58 83 141
12 72 83
20 42 61
25 33 57
1 62 63
7 85 91
28 23 50
19 97 116
29 5 33
67 43 110
34 70 103
2 49 51
36 64 99
2 25 27
6 57 63
89 60 148
66 77 142
50 82 131
96 40 136
16 2 17
48 55 103
16 20 36
55 59 114
41 6 46
98 80 177
94 9 102
8 82 90
51 55 105
11 25 35
94 44 137
76 48 124
41 83 124
30 82 112
93 47 139
26 15 40
34 98 132
57 35 92
38 71 108
9 6 14
5 98 102
93 40 133
64 5 68
58 8 65
86 22 108
73 73 146
9 78 86
1 40 40
78 57 135
64 39 103
90 69 158
54 59 112
78 58 136
70 84 154
63 80 143
61 54 115
18 1 19
65 21 86
40 66 106
45 53 98
93 41 133
58 89 147
64 61 125
6 36 41
53 62 114
4 78 82
74 85 158
25 42 66
39 72 111
60 94 153
84 37 121
17 83 99
77 55 131
82 24 106
90 78 167
2 28 29
27 100 126
56 28 84
41 64 105
43 37 79
39 28 67
97 54 151
25 96 120
66 40 105
29 63 92
94 32 126
90 88 178
25 69 93
46 12 58
98 65 163
72 58 129
8 79 87
3 74 77
16 44 59
24 8 32
90 38 128
96 49 145
10 18 27
17 57 74
50 96 146
22 45 67
20 59 78
83 12 95
20 65 85
38 14 51
67 79 145
11 71 82
17 22 38
75 39 113
41 88 128
5 4 8
12 36 48
44 79 122
85 11 95
93 29 122
92 28 120
4 70 73
51 49 100
55 22 77
82 20 102
26 64 89
31 33 64
28 8 36
44 18 62
58 39 96
95 2 96
50 63 112
76 100 175
44 75 119
37 15 52
71 8 78
21 9 30
8 19 27
19 43 62
48 23 70
15 92 107
5 55 59
27 74 100
95 16 110
22 95 116
43 6 49
67 78 144
4 23 26
25 88 113
49 28 77
6 80 85
3 44 47
10 42 51
12 62 73
94 51 144
13 71 84
98 85 182
5 22 26
19 95 114
73 94 167
29 57 86
27 37 64
65 93 158
81 89 169
76 58 133
97 78 174
85 99 184
42 69 110
18 36 54
9 6 15
58 93 150
89 11 100
67 69 135
81 13 93
5 60 64
52 53 105
86 40 125
68 69 137
42 34 75
53 33 86
90 9 98
63 2 65
57 32 89
4 41 45
84 9 92
67 75 142
25 93 117
63 76 138
43 79 121
24 99 123
18 26 44
32 43 75
40 41 80
93 25 118
9 64 73
12 7 18
64 61 124
88 23 111
39 80 118
98 77 175
67 60 127
20 92 111
60 26 86
15 5 20
58 43 101
98 57 155
63 65 128
75 68 142
13 59 71
37 40 76
39 55 93
6 69 74
89 52 140
61 67 127
87 75 161
30 60 90
92 50 141
5 62 66
76 43 118
47 76 122
89 94 182
45 25 69
6 16 22
80 82 161
58 11 69
78 99 176
17 37 53
65 94 158
92 7 98
24 37 61
68 35 102
42 37 78
20 69 88
7 78 85
45 38 82
76 48 123
42 79 121
20 43 62
61 6 67
12 73 84
87 3 90
86 10 95
25 6 30
8 97 104
37 5 41
82 66 148
70 17 87
68 46 114
77 83 159
99 41 140
67 53 120
66 94 159
20 15 34
9 79 87
45 73 117
79 88 166
83 89 172
73 67 139
88 72 160
58 38 96
66 67 133
78 100 178
98 64 161
15 71 85
34 5 38
53 22 75
61 26 87
35 64 99
92 27 119
39 86 125
14 55 69
49 34 82
24 54 77
16 98 114
4 54 57
82 70 152
20 36 56
83 89 171
81 40 121
37 30 67
74 84 158
90 12 102
59 26 84
98 92 190
50 20 70
74 47 120
62 54 115
82 46 128
100 21 121
97 6 103
6 78 83
91 55 145
16 54 70
30 21 50
30 49 78
89 70 159
41 37 77
17 13 30
95 68 162
13 85 97
58 61 119
4 89 92
64 100 164
72 78 150
3 53 55
37 10 47
45 48 92
14 9 23
97 99 195
57 36 92
61 60 120
85 62 146
35 86 120
89 23 111
33 88 120
60 89 149
92 85 176
17 51 68
24 47 71
61 35 95
92 17 109
25 84 109
67 49 115
69 70 139
19 99 118
25 65 89
41 74 115
48 76 124
84 28 111
49 19 68
10 47 57
96 55 151
58 100 158
22 99 121
59 13 72
82 71 153
71 59 129
84 18 102
21 83 103
57 23 80
17 92 108
62 53 114
13 51 63
98 66 163
32 13 45
18 79 96
29 49 77
33 16 48
7 17 24
80 74 153
26 44 70
79 50 128
4 69 73
23 82 105
4 48 52
99 26 124
69 31 100
97 79 176
38 84 122
84 45 129
21 84 105
88 30 117
59 78 136
17 100 116
7 4 10
8 35 43
99 40 138
16 70 86
1 79 80
48 92 140
18 51 69
1 100 100
59 59 117
25 3 27
7 54 61
95 50 144
88 100 187
83 78 160
87 9 95
12 49 60
28 45 73
23 82 105
20 83 103
67 31 98
6 78 84
66 69 134
98 48 146
100 70 169
27 49 75
79 47 125
76 60 135
22 76 98
25 51 75
70 23 92
91 79 170
8 17 25
100 30 130
50 95 145
18 53 71
19 93 112
40 54 94
32 86 118
60 52 112
28 21 48
12 99 110
40 96 135
85 17 102
62 86 148
64 67 131
96 41 136
39 89 128
54 9 62
4 44 47
59 17 75
46 53 99
54 74 128
30 64 93
32 50 81
57 97 153
33 62 94
82 74 156
18 65 83
21 70 91
7 66 72
11 7 18
47 63 109
79 86 165
54 19 73
53 42 95
89 66 155
63 94 157
46 15 60
78 69 146
77 40 116
66 34 99
55 9 63
89 40 129
54 66 120
51 52 103
98 49 146
66 44 110
16 71 86
10 89 99
28 37 64
47 2 48
2 39 40
27 39 66
47 30 77
59 67 126
75 8 83
88 28 115
88 81 169
69 73 142
80 23 103
93 14 106
48 68 115
75 10 85
80 4 84
29 47 76
40 46 85
96 17 112
63 14 76
77 34 111
85 90 174
2 52 54
9 100 109
30 15 45
62 30 91
53 92 145
29 76 104
43 82 125
78 19 97
26 81 106
82 65 146
99 3 102
8 17 25
72 28 100
91 3 94
90 23 113
1 18 18
30 35 65
28 78 106
79 22 101
3 59 62
86 94 180
75 27 101
47 69 115
56 27 83
84 67 151
39 21 59
46 28 74
26 99 124
37 91 127
49 75 124
62 69 131
81 9 89
77 6 82
50 56 105
2 62 64
69 60 128
56 52 108
100 85 185
48 93 140
30 80 110
98 23 120
60 61 121
54 2 55
18 39 57
82 94 176
31 96 127
30 57 87
25 87 111
25 4 28
78 14 91
15 83 98
91 8 98
18 34 52
59 49 108
92 31 122
70 77 146
61 91 152
72 69 141
55 31 85
12 73 84
79 7 86
9 40 48
14 17 31
90 36 125
92 7 98
89 98 187
3 23 26
8 85 93
95 75 170
85 60 144
28 57 85
16 42 57
43 21 64
32 50 81
45 15 59
68 38 105
100 91 190
26 67 92
90 62 152
5 58 62
84 43 127
99 25 123
43 2 45
3 11 13
78 36 114
59 3 62
21 80 101
84 87 171
17 59 75
7 44 50
44 84 127
38 58 96
46 43 89
53 88 141
93 37 130
17 70 87
29 89 117
86 16 101
25 1 25
47 64 110
77 86 163
36 64 99
65 77 142
62 79 140
36 6 42
66 81 146
26 42 67
71 42 113
25 8 32
20 85 104
42 4 46
98 77 174
57 6 63
66 42 108
23 75 97
54 22 75
78 41 119
64 51 115
80 14 94
17 73 90
52 30 82
54 94 147
77 5 81
83 73 155
69 48 116
36 54 89
16 70 85
2 56 58
2 53 55
13 38 51
76 21 96
22 64 85
97 51 147
54 95 149
81 43 123
12 86 97
72 11 82
64 77 140
75 100 175
43 82 125
32 86 117
19 11 29
82 1 82
67 93 160
90 84 173
64 7 70
48 97 144
91 65 156
35 4 38
4 17 21
21 26 47
54 62 115
96 99 195
55 75 129
37 23 59
71 17 87
3 67 69
17 74 91
79 26 104
56 7 63
69 8 77
91 66 156
31 45 75
21 68 89
84 91 174
42 35 77
71 67 138
78 72 150
42 37 79
26 52 77
62 100 162
26 7 32
8 58 65
98 59 156
35 93 127
14 80 94
12 15 26
2 29 31
46 30 76
35 15 49
71 12 83
31 54 84
30 45 75
64 54 117
71 88 159
85 1 85
5 36 40
33 36 69
64 33 96
10 30 40
7 51 57
44 38 82
12 9 20
98 36 133
28 29 57
57 35 91
57 24 80
49 20 69
93 16 109
54 65 119
26 9 35
34 10 44
29 19 48
9 48 57
7 25 31
77 10 87
89 30 119
18 75 92
47 3 49
2 47 48
49 13 61
21 97 117
60 61 120
68 65 132
48 10 57
43 98 140
97 95 191
75 75 150
97 52 148
9 53 61
84 38 122
79 46 124
55 59 114
44 32 76
69 47 115
88 85 173
50 50 100
40 72 112
28 5 32
87 24 110
99 92 191
97 85 182
13 46 58
44 34 77
66 87 153
65 47 112
36 54 90
63 40 103
25 21 45
71 16 86
31 31 62
96 96 192
35 96 131
71 25 96
66 69 135
57 47 104
46 23 68
80 82 161
49 39 87
61 5 66
27 36 62
85 53 138
80 96 175
85 87 172
74 10 83
23 12 34
98 4 102
9 58 67
40 62 101
4 5 8
31 3 33
27 16 42
74 48 122
74 51 125
6 39 45
12 4 16
27 22 48
78 22 100
43 39 81
17 38 54
61 19 80
67 83 150
68 46 113
17 5 22
24 42 66
78 81 158
95 53 147
17 6 23
20 45 64
78 86 164
35 93 127
53 60 113
22 34 55
3 22 24
86 93 178
87 63 149
89 46 135
59 43 101
13 18 30
12 72 84
15 97 112
66 98 163
45 90 135
69 52 121
74 18 92
11 58 68
3 63 65
65 93 157
31 67 98
30 90 119
69 20 89
82 18 99
13 35 48
47 14 61
86 97 183
41 95 135
42 47 88
30 76 105
15 10 25
100 59 158
19 83 101
99 69 168
30 17 47
40 20 60
62 31 93
1 41 41
81 68 149
34 39 73
47 56 102
72 48 119
22 57 79
68 41 109
37 48 84
83 18 101
41 39 79
100 31 131
52 98 149
59 10 68
26 93 119
36 82 118
51 14 64
63 62 124
96 11 107
75 47 121
78 61 139
28 90 117
81 58 139
17 22 39
16 63 79
65 43 108
50 24 74
90 54 144
89 100 189
52 93 144
82 70 152
81 63 143
24 94 118
31 16 46
44 99 142
1 54 54
65 7 71
69 15 84
55 11 66
10 88 98
94 41 135
97 1 98
88 54 142
83 67 149
58 36 94
35 55 90
74 19 93
68 87 155
88 75 163
13 63 75
29 42 71
99 26 124
42 64 106
41 7 47
93 82 175
30 59 89
56 30 86
51 59 109
76 94 170
38 82 120
43 100 142
16 67 83
66 98 164
31 85 116
14 15 29
33 30 62
46 69 114
6 39 45
35 26 60
97 44 141
13 25 37
84 44 127
16 46 61
62 48 109
2 33 34
100 1 100
66 25 90
67 38 104
50 3 52
51 88 138
66 85 151
60 81 141
87 85 171
42 62 103
46 92 138
34 51 84
28 32 59
83 20 102
21 11 31
66 96 162
74 97 171
75 60 134
11 68 79
71 73 144
72 71 143
10 41 51
45 16 61
6 33 39
40 62 101
97 80 177
4 45 48
31 75 105
19 84 103
28 66 93
27 30 56
80 83 163
4 79 83
76 77 153
92 20 111
51 26 76
16 93 108
82 1 82
97 100 197
80 38 118
12 2 13
40 60 99
57 42 99
61 61 121
6 58 63
78 99 176
39 1 39
93 82 175
72 55 127
44 32 76
34 10 43
2 3 4
51 74 124
92 30 121
87 33 119
55 82 136
97 24 121
29 55 84
64 76 140
85 37 122
98 50 148
47 66 112
80 5 85
48 36 83
61 84 144
17 27 44
88 5 93
83 43 126
38 38 75
69 79 147
43 57 100
46 35 80
33 30 62
34 13 46
87 27 113
96 49 144
1 52 53
97 66 162
21 4 25
37 43 79
66 62 127
51 69 120
45 87 132
86 87 172
10 87 96
69 5 74
65 65 130
76 34 109
29 39 67
83 42 125
26 39 65
72 82 153
5 73 77
48 28 76
72 97 169
82 66 147
91 98 188
50 6 55
28 91 118
13 80 93
38 18 56
89 87 176
51 98 148
18 62 80
25 8 32
76 65 141
100 70 169
37 21 58
19 46 65
80 97 176
31 11 42
12 87 99
11 11 22
97 68 164
67 25 91
62 18 79
50 18 68
31 29 60
32 98 129
74 66 140
3 71 74
72 32 103
22 22 43
40 60 99
31 82 113
80 53 133
59 54 113
65 91 155
68 42 110
64 5 68
22 77 98
49 9 57
33 22 55
68 88 155
67 19 86
7 21 28
33 15 47
61 16 77
35 85 119
50 67 117
95 90 184
53 12 64
91 92 182
46 20 65
34 31 65
46 27 73
74 11 84
100 17 117
26 31 56
79 80 159
34 74 108
20 59 78
23 74 97
79 18 96
67 93 160
80 90 169
61 31 91
67 66 133
80 11 90
76 35 110
2 86 87
25 77 102
66 67 132
96 99 194
94 69 162
45 21 66
13 34 47
69 4 73
96 29 125
70 40 110
1 2 2
29 78 107
77 69 145
56 61 116
68 84 152
54 80 133
61 91 152
22 43 65
21 64 84
52 87 139
98 81 178
74 4 77
89 68 156
97 40 136
33 85 117
72 21 92
70 55 124
72 6 77
47 97 143
89 2 91
39 36 74
5 7 12
68 10 77
87 9 96
95 79 173
91 100 191
5 49 54
95 86 180
20 56 76
36 29 65
64 17 81
72 80 152
32 99 130
80 97 176
30 34 64
63 63 126
32 28 59
89 59 147
68 33 100
8 68 75
53 33 85
91 1 91
10 100 109
93 3 96
5 41 46
97 42 138
90 31 120
88 43 131
58 69 127
88 76 163
40 77 116
42 24 66
2 35 36
66 3 68
76 97 172
97 93 189
39 92 131
21 60 81
38 2 40
9 24 33
82 94 176
5 76 81
94 71 165
25 38 63
31 78 108
52 78 130
4 50 54
45 9 53
56 30 85
100 47 147
17 65 81
28 54 82
84 95 179
68 79 147
7 6 12
59 70 129
35 55 89
76 48 123
43 70 113
82 98 179
61 97 158
16 32 47
62 94 155
34 85 119
43 41 84
58 54 112
16 59 74
21 54 74
100 51 151
67 22 89
93 61 153
23 87 110
63 96 158
81 62 142
86 68 153
72 80 152
94 51 144
90 74 164
84 24 107
92 2 94
21 31 51
16 57 72
97 37 133
80 72 151
4 19 22
35 17 51
72 20 91
79 22 100
52 73 124
50 66 115
91 22 113
70 58 127
12 43 55
27 2 29
43 61 103
73 50 122
43 36 78
86 91 177
68 65 133
38 46 84
93 77 170
38 81 119
38 78 116
12 16 27
61 18 78
63 60 123
4 71 75
95 32 127
50 8 57
85 8 93
68 44 111
58 96 153
95 25 119
51 32 83
59 59 117
98 26 123
78 11 88
19 94 113
68 48 116
26 7 32
94 32 126
37 23 59
57 69 126
36 89 124
54 28 81
24 35 58
28 11 39
6 8 13
40 53 93
18 10 27
93 72 164
62 52 114
33 78 111
97 40 137
92 86 178
42 43 85
75 67 141
56 88 144
15 99 114
21 88 108
57 76 133
4 33 37
11 51 61
19 22 41
91 1 91
93 26 119
75 97 172
13 90 103
87 58 145
42 61 102
85 88 173
42 53 95
95 61 155
67 48 114
96 81 176
96 56 152
10 86 96
36 29 64
77 35 112
53 68 121
17 70 87
2 60 61
48 44 91
7 30 36
84 48 131
29 38 67
2 98 99
65 34 99
18 90 108
4 63 66
2 41 42
13 79 92
38 42 79
59 29 88
60 43 102
13 94 106
63 79 142
6 28 34
31 48 79
99 43 141
87 46 132
47 27 74
25 53 78
95 49 143
73 92 164
32 33 65
61 3 64
44 36 79
69 98 167
5 29 34
65 23 88
27 78 105
51 61 112
35 54 89
84 36 120
10 52 62
38 43 81
56 97 153
57 95 152
60 61 121
83 30 113
76 40 116
32 70 102
18 51 69
93 5 98
53 58 110
32 56 87
39 89 127
17 70 86
87 14 101
82 8 89
33 88 120
77 19 95
13 49 61
9 64 72
59 18 76
76 58 133
75 35 110
6 98 103
79 64 143
83 22 104
94 19 113
82 100 182
25 46 71
72 86 158
71 49 119
43 68 110
34 17 50
91 59 150
46 54 100
57 65 122
100 70 170
11 89 99
73 81 154
97 81 178
55 51 106
40 18 58
79 6 85
9 51 60
98 18 115
30 16 45
13 10 23
44 61 104
45 90 134
17 16 33
95 62 157
69 82 151
100 96 195
30 21 51
96 52 148
24 98 121
56 41 96
42 93 134
79 15 93
29 11 39
75 57 131
43 67 109
27 86 113
34 76 110
10 60 69
4 58 61
10 21 30
67 80 147
39 61 99
38 46 83
21 33 54
69 40 108
70 33 102
81 18 99
42 66 108
65 31 95
38 18 55
42 70 112
41 67 107
99 16 114
36 38 74
42 14 56
66 18 84
33 53 86
55 99 153
31 92 122
16 15 31
85 48 132
31 91 121
72 57 129
3 31 34
30 49 78
47 22 68
37 53 89
63 57 120
64 17 81
89 9 97
43 95 138
71 82 152
83 86 169
98 96 193
17 98 115
15 10 25
23 72 94
21 43 63
90 52 141
30 86 115
64 43 106
91 15 106
47 75 122
23 27 50
88 49 137
88 70 157
30 76 106
36 50 85
33 48 80
82 57 138
77 11 88
95 36 130
69 53 122
28 74 101
10 84 93
89 97 185
77 67 144
35 39 73
30 11 40
77 66 142
33 41 73
92 60 152
31 1 31
29 59 87
86 7 92
61 94 155
86 98 183
76 2 78
29 65 93
29 55 83
1 36 36
91 36 127
36 31 67
33 50 83
59 35 94
70 42 112
43 60 102
93 59 151
4 73 77
2 33 35
27 49 76
43 49 92
92 9 100
6 93 99
43 13 55
30 38 67
23 90 112
90 94 184
8 51 58
21 43 63
59 86 144
35 76 111
42 4 46
17 54 71
45 7 52
72 36 107
69 37 105
10 53 63
77 37 114
98 42 139
24 74 98
45 72 117
77 15 92
45 25 69
86 36 122
5 80 85
18 69 87
25 92 116
75 42 116
3 8 11
12 10 21
52 6 57
33 58 91
2 56 58
93 1 94
82 66 147
55 27 82
11 59 69
35 45 79
87 79 165
95 76 170
54 16 70
87 28 115
69 35 103
64 83 147
87 38 125
15 56 70
60 23 83
14 60 74
94 97 190
69 16 85
53 59 112
43 34 77
69 13 82
25 74 98
96 98 193
50 90 139
53 21 73
90 41 131
84 40 124
59 40 98
13 73 85
79 66 145
25 51 76
32 69 101
87 79 165
1 27 28
44 49 92
32 43 74
82 74 155
35 74 108
90 61 150
77 77 153
100 9 109
47 83 130
74 71 144
81 96 176
100 36 135
97 37 133
53 71 123
82 67 148
84 63 147
94 20 114
42 14 56
19 43 62
20 100 119
84 72 156
1 65 65
44 85 129
82 66 148
98 15 113
73 38 111
40 89 129
38 97 134
61 36 97
69 84 152
40 71 111
43 37 80
16 33 48
79 33 112
93 58 151
86 62 147
37 67 103
36 18 53
1 34 35
25 27 51
25 56 80
52 94 146
78 9 86
100 18 118
29 1 29
42 18 60
68 36 104
29 87 116
89 37 125
22 97 118
68 31 99
86 100 186
28 84 111
16 94 109
92 74 166
35 19 53
31 54 84
32 69 100
77 33 109
36 15 51
51 88 139
31 47 77
37 69 106
92 11 103
65 59 123
34 8 42
69 25 93
65 14 79
16 37 52
67 77 143
63 21 84
74 4 77
9 49 58
85 24 109
46 55 101
22 68 90
73 18 91
29 49 77
85 36 120
40 78 117
25 6 30
59 66 124
1 61 62
43 48 91
91 53 143
65 93 157
29 60 89
31 77 108
7 76 83
77 69 146
85 54 138
38 20 58
80 7 87
6 78 83
61 100 161
3 15 17
68 67 134
10 75 85
17 56 72
63 30 92
31 31 61
1 9 10
83 100 183
8 2 9
10 16 25
58 45 103
55 55 109
30 26 56
87 62 148
72 68 139
12 71 82
95 75 169
73 12 85
50 97 147
91 94 185
5 81 85
86 58 144
55 67 122
82 80 162
66 1 67
26 35 61
49 63 111
89 58 147
73 25 98
53 13 65
98 24 122
51 40 91
98 8 106
86 25 111
75 75 149
78 99 177
31 60 91
74 25 98
90 95 184
54 4 58
86 54 139
55 82 136
89 42 130
21 56 77
3 64 66
26 57 83
17 53 69
40 12 52
32 8 40
74 74 148
72 96 167
39 16 55
52 100 152
70 77 147
81 42 122
100 73 172
53 83 136
69 98 166
21 24 44
71 58 128
11 88 98
63 53 115
13 26 39
68 39 107
22 15 36
61 50 111
57 6 62
53 7 59
51 50 100
36 23 58
37 30 66
30 41 71
18 45 63
68 3 71
23 99 122
12 61 73
86 2 87
94 72 165
43 21 64
54 48 101
25 41 65
25 13 38
4 56 59
45 60 104
32 46 77
22 71 92
50 72 121
93 60 153
90 52 142
92 15 106
96 50 146
26 65 90
20 11 31
39 79 118
30 83 112
65 88 152
22 59 81
1 65 66
14 50 63
53 98 150
19 69 87
90 10 100
31 89 120
53 50 102
5 68 73
77 96 173
65 93 158
76 21 96
45 78 122
87 35 121
96 82 177
67 73 139
80 65 144
71 13 83
25 33 58
61 91 151
25 67 92
2 23 24
29 53 81
38 44 82
63 55 118
38 55 92
60 43 102
90 71 161
34 50 84
49 60 109
91 9 100
82 93 174
86 24 110
56 67 122
86 56 141
18 12 30
79 74 152
45 37 81
9 72 80
37 80 116
24 82 106
41 96 136
63 68 131
40 32 72
76 9 84
37 100 137
43 47 89
9 49 58
61 35 95
74 15 88
36 79 115
19 64 82
13 19 32
68 88 155
48 70 118
4 76 80
75 59 133
68 52 119
56 64 119
8 36 43
32 33 64
36 70 105
77 96 173
27 33 59
41 5 46
81 46 127
25 90 114
33 57 90
62 29 90
53 57 110
34 29 62
66 81 146
79 45 124
100 36 135
83 50 132
55 39 93
86 54 140
2 11 13
76 33 109
77 24 100
64 27 91
2 44 45
47 73 119
48 60 107
74 37 111
23 79 101
61 67 128
29 86 114
76 80 155
33 57 90
16 75 90
4 64 68
80 53 132
66 40 106
90 95 185
11 88 98
26 47 73
90 86 176
41 87 127
22 25 46
57 66 122
50 54 104
76 23 98
8 27 34
63 17 79
27 63 90
56 16 71
38 8 45
35 6 40
78 61 139
65 21 85
24 80 104
32 94 126
19 75 94
55 18 72
35 96 131
87 50 136
95 12 106
28 74 101
34 93 127
37 75 111
85 75 160
41 16 56
56 65 120
98 97 194
5 50 55
100 19 118
12 23 35
98 57 155
1 81 82
48 90 138
88 32 120
10 4 14
94 19 113
64 66 129
1 43 43
56 14 69
88 71 158
93 39 131
20 88 108
18 42 59
84 38 122
16 6 21
58 56 113
97 10 107
69 80 149
63 77 139
75 83 158
21 94 115
38 24 61
70 42 112
12 29 40
4 2 5
99 68 167
90 39 129
73 77 149
42 69 110
85 96 180
66 51 117
22 16 38
71 42 112
30 23 53
4 32 36
60 13 72
70 60 129
35 14 48
15 33 47
79 96 175
30 65 94
29 74 102
68 89 156
75 82 157
89 86 175
25 17 42
44 95 139
91 24 114
94 40 133
21 20 41
92 35 127
94 3 96
59 100 158
37 26 63
55 7 62
74 73 147
65 8 73
18 22 39
58 46 103
75 77 152
15 66 81
50 24 74
88 7 94
41 70 111
58 94 151
100 20 119
65 8 73
39 99 137
63 17 79
9 77 85
94 33 126
70 79 149
3 35 37
49 4 52
58 84 141
42 96 138
45 17 62
87 61 148
6 18 24
72 45 116
39 41 80
55 45 100
55 78 132
66 49 114
18 37 55
84 90 173
84 31 115
11 24 34
48 5 53
73 11 84
52 14 66
87 3 90
79 97 175
80 48 127
14 50 64
36 35 70
67 23 89
94 71 165
77 37 114
7 22 29
80 28 107
52 34 85
79 66 144
41 35 75
65 42 107
78 52 129
2 53 55
6 67 72
65 84 148
30 3 32
56 39 95
84 2 86
49 45 93
25 2 26
67 4 70
92 55 147
57 92 149
24 6 29
25 98 123
63 78 141
72 41 113
60 77 137
76 96 172
92 89 180
62 32 94
54 33 86
62 33 95
83 61 144
75 38 113
37 97 133
19 57 75
57 82 138
39 3 42
88 95 183
7 86 93
12 12 24
18 14 31
73 36 109
8 62 69
31 95 125
54 65 118
24 16 40
2 1 2
1 32 33
69 55 123
77 80 157
45 73 118
53 88 140
34 17 50
10 34 43
58 68 125
21 87 107
86 51 137
27 26 53
58 46 104
39 76 115
73 48 121
21 23 44
22 89 111
78 36 113
13 19 32
38 91 129
18 64 82
58 80 137
13 8 20
80 80 160
13 29 42
69 63 132
45 75 119
11 11 22
32 98 129
38 13 51
10 10 19
32 24 55
73 33 105
50 52 102
24 62 86
21 87 107
31 37 68
74 81 154
82 95 176
25 76 100
99 19 118
19 51 70
21 98 118
53 75 127
30 74 103
19 49 67
73 96 169
61 87 147
81 44 125
81 19 100
88 95 183
57 78 134
97 28 125
16 33 48
66 76 142
70 31 101
9 20 28
37 72 109
68 53 121
73 47 120
32 41 72
22 10 31
4 43 47
33 63 95
11 74 85
40 87 127
53 90 142
4 49 53
35 55 89
10 45 54
100 84 183
75 44 118
26 89 115
77 44 121
47 59 106
54 19 72
20 2 21
40 14 53
8 4 12
1 43 44
45 19 63
9 56 65
16 58 74
4 44 47
69 27 95
20 83 102
38 8 45
24 28 51
91 62 152
38 79 116
98 53 150
46 24 70
46 9 54
93 32 124
24 71 95
70 42 112
23 40 62
89 68 157
18 48 66
56 23 78
89 40 129
86 68 154
38 99 136
89 15 104
99 93 192
26 61 87
32 73 105
24 42 65
83 48 131
66 50 116
46 95 140
19 8 27
25 37 61
93 95 187
86 17 103
6 43 49
43 30 72
44 98 141
65 91 156
78 96 173
23 84 107
51 16 66
85 68 152
30 96 125
57 52 109
70 39 108
95 8 103
93 22 114
2 27 28
30 54 83
93 32 125
33 3 35
10 58 68
96 83 179
24 63 86
79 91 170
82 43 124
17 44 60
63 68 130
77 81 157
68 31 99
86 26 111
40 57 96
51 61 112
91 85 175
83 25 108
6 42 48
84 20 104
28 70 98
77 83 159
71 100 170
83 83 165
37 3 39
55 68 122
10 81 91
84 78 161
53 18 71
98 61 158
51 16 67
34 29 62
62 16 77
17 18 35
51 51 101
64 17 81
19 63 82
53 64 116
76 42 117
53 62 115
52 15 66
11 17 27
5 72 77
90 96 185
52 49 100
79 24 102
99 55 153
40 17 56
15 89 104
99 99 197
95 80 175
42 68 110
72 46 117
6 49 55
16 40 55
5 45 50
75 89 164
47 79 126
39 16 54
96 50 146
84 91 175
55 93 147
3 94 96
48 29 77
29 86 114
88 85 172
36 15 51
77 82 159
1 32 32
65 93 157
51 35 85
50 23 73
20 19 38
68 1 69
25 56 81
40 46 85
65 91 156
62 8 69
4 9 13
69 37 106
21 50 70
35 42 76
100 58 157
53 13 65
23 36 58
31 85 116
96 42 138
54 59 112
22 85 106
8 59 66
23 83 105
1 15 16
40 42 81
59 54 113
41 15 56
47 14 60
61 60 121
17 44 61
67 69 136
5 78 83
89 60 149
49 7 55
71 16 86
48 89 136
100 86 186
9 12 21
6 7 13
49 62 111
20 48 67
77 81 157
69 34 102
55 29 84
86 21 107
71 41 112
36 86 122
94 98 192
42 34 75
26 93 118
96 76 172
2 70 72
59 3 62
41 64 104
59 67 126
76 22 97
96 21 117
54 54 107
2 55 57
65 43 107
44 23 67
81 29 109
99 25 123
49 21 70
69 72 141
53 22 75
16 56 71
17 97 113
22 19 41
56 99 154
92 27 118
61 46 107
92 7 98
90 81 170
3 13 16
22 84 105
58 65 123
40 61 100
17 2 18
2 10 11
16 33 48
44 78 122
89 77 165
77 95 172
46 33 79
5 33 38
36 91 126
90 40 129
52 46 97
96 66 161
68 84 152
40 24 63
37 51 88
70 77 146
93 34 127
98 28 126
21 40 61
9 55 64
53 90 142
5 91 95
1 38 39
41 14 54
76 29 104
75 52 127
18 65 82
28 61 88
7 99 106
57 45 102
69 65 133
90 1 90
45 15 60
29 14 43
9 54 63
24 83 106
80 46 125
73 13 85
82 51 133
68 91 159
69 96 164
44 66 109
2 32 34
21 92 112
85 63 147
80 88 167
29 96 124
72 20 91
15 22 36
60 55 114
28 51 79
16 66 82
90 96 185
76 59 135
91 29 119
47 27 74
15 96 110
90 91 181
90 17 107
56 11 66
1 46 46
59 13 71
25 79 104
15 91 106
14 99 112
31 87 117
87 70 157
91 26 117
71 96 167
74 73 146
15 15 30
3 70 73
25 14 39
45 79 124
67 30 96
74 69 142
3 42 44
44 3 47
63 9 72
21 25 46
56 91 146
17 31 47
88 39 127
15 70 85
33 76 108
86 73 158
18 46 64
8 10 18
49 87 136
62 67 128
9 89 98
52 21 72
86 79 164
17 15 32
44 25 68
70 57 126
75 37 112
11 37 48
15 82 97
5 77 81
100 48 147
11 96 106
7 15 22
29 44 72
4 60 64
79 34 113
34 48 82
16 18 34
46 14 59
97 31 128
17 4 20
60 74 134
30 44 74
29 11 40
42 30 71
11 6 16
8 68 76
55 7 62
93 83 175
46 16 61
68 73 140
19 41 60
43 93 136
75 83 158
32 66 98
53 54 106
61 75 136
66 41 106
21 19 40
7 78 85
56 20 75
69 10 78
45 78 122
90 56 145
39 77 116
94 97 191
56 21 77
43 98 141
31 24 54
46 63 109
94 17 111
24 56 79
43 85 128
82 11 92
42 75 117
43 71 113
5 37 42
94 90 183
99 12 111
16 52 67
30 78 107
49 38 87
8 81 89
69 29 98
62 49 110
39 13 51
79 81 159
44 72 116
99 94 193
54 13 66
40 14 54
12 2 13
82 86 167
21 12 32
15 20 34
32 10 41
70 50 120
71 78 149
26 84 109
35 23 57
27 1 27
19 92 110
18 69 86
100 85 185
46 44 90
76 38 113
58 18 76
88 52 140
57 5 62
62 41 103
7 46 52
76 66 141
8 82 89
75 46 120
35 32 66
65 32 97
64 34 98
13 24 36
78 30 108
51 30 80
67 7 73
43 65 107
94 47 140
81 45 126
49 27 76
31 22 53
27 28 55
100 32 131
46 2 48
10 57 66
89 92 180
85 51 135
71 96 166
36 82 118
83 28 110
74 2 76
31 86 116
66 61 127
15 40 55
75 86 160
51 48 98
16 96 112
60 99 159
48 13 60
18 48 66
68 13 81
32 56 88
15 3 18
93 40 133
22 56 78
54 87 140
21 80 101
81 80 161
57 66 123
67 26 92
100 18 117
15 14 28
90 17 106
28 25 53
16 21 36
75 90 164
47 16 63
82 85 166
18 29 46
67 61 127
51 84 134
33 77 110
84 38 121
20 77 96
91 43 133
98 96 193
75 1 75
70 13 83
98 100 198
73 18 90
40 46 85
88 24 111
81 21 102
12 67 78
87 85 172
92 43 134
18 8 26
55 21 75
55 47 102
99 58 157
68 60 128
42 79 121
91 63 153
61 49 109
97 83 180
16 45 61
41 41 81
5 42 46
39 70 108
59 74 133
23 21 43
80 87 166
43 52 94
77 8 85
17 25 42
94 31 124
95 15 109
78 36 114
23 64 87
53 100 153
91 12 103
92 15 106
6 43 49
8 77 84
32 33 64
64 38 101
54 90 143
11 48 59
79 85 164
58 71 129
10 43 52
7 69 76
99 13 111
27 92 118
65 14 78
39 71 109
79 4 82
19 98 116
79 94 172
50 63 112
68 11 78
29 40 69
63 62 125
91 47 138
34 78 111
58 8 65
65 42 106
48 97 145
91 84 174
56 69 125
34 60 94
90 14 104
46 24 69
57 24 81
1 69 70
52 36 87
96 19 114
79 24 102
58 6 64
19 17 35
34 50 83
68 15 83
16 8 23
4 45 49
24 98 122
70 89 159
26 36 61
12 3 15
76 62 137
61 48 108
99 98 197
9 53 62
30 19 48
42 66 107
80 2 82
42 14 55
90 30 120
4 43 47
39 8 46
21 35 55
20 19 39
4 48 52
30 47 77
57 84 140
21 55 76
52 64 116
30 67 96
47 75 121
89 41 129
17 85 101
67 76 143
30 89 119
4 30 34
67 42 109
94 45 139
58 67 124
32 59 90
50 13 62
4 91 94
44 68 112
27 8 35
4 36 39
21 91 112
10 37 46
12 16 27
90 4 94
18 25 42
52 28 79
63 32 94
88 43 131
7 95 101
11 55 66
27 45 72
21 92 113
82 94 176
26 53 78
37 83 119
20 5 25
5 68 72
14 40 53
33 20 53
69 62 130
14 59 72
73 84 156
99 69 167
41 1 42
9 82 90
46 14 60
32 3 35
87 80 167
37 78 114
58 99 156
78 41 118
67 13 80
86 2 87
56 41 97
13 85 98
80 39 118
30 100 130
6 100 106
38 71 108
17 13 29
74 21 94
78 15 92
20 3 23
92 29 121
82 35 117
69 23 92
80 75 154
41 11 52
32 29 60
93 49 142
78 24 101
59 66 125
51 19 69
93 45 137
63 42 104
19 62 80
7 100 107
64 18 81
33 69 101
26 66 91
63 39 101
100 27 127
82 2 84
70 65 134
89 30 119
50 5 54
13 77 89
48 73 121
19 57 75
32 41 73
18 90 107
4 43 47
25 42 67
64 12 76
78 74 151
57 20 76
45 78 123
98 63 161
58 38 95
67 25 91
55 50 105
86 62 147
85 54 138
71 79 149
70 21 90
21 49 70
27 71 98
3 74 76
40 79 119
12 63 74
68 67 134
78 98 175
64 54 118
5 94 99
52 98 150
80 36 115
36 49 84
93 88 180
23 84 107
44 86 130
51 62 112
43 31 73
71 49 120
97 60 157
65 3 68
87 73 160
90 35 125
25 89 113
60 96 156
99 52 150
28 24 52
41 33 74
72 34 106
23 39 61
70 83 152
36 37 72
64 55 119
48 6 53
9 5 14
38 15 53
54 51 105
53 66 119
65 23 87
35 58 92
90 4 93
87 96 182
46 49 94
51 74 124
48 96 143
52 71 122
93 56 148
26 28 54
17 51 68
68 71 138
28 61 88
37 83 119
11 91 101
5 23 27
96 1 97
86 42 127
14 36 50
71 56 126
51 84 135
69 70 139
95 32 127
84 59 142
27 85 111
14 7 20
40 11 51
16 45 61
72 9 80
72 29 100
31 56 86
92 97 188
3 39 42
34 91 125
86 76 162
45 77 122
94 95 188
10 96 106
49 4 53
56 31 87
49 13 61
75 3 77
100 28 128
67 15 82
6 85 91
73 58 130
83 51 133
18 81 98
53 68 120
71 41 111
63 48 111
20 55 74
73 64 136
51 39 90
91 77 168
15 36 50
49 71 119
52 50 101
16 61 77
67 74 141
9 40 49
96 36 132
3 4 6
51 58 109
81 26 107
86 43 128
92 56 147
75 70 144
38 94 132
48 3 51
17 78 94
88 45 132
9 18 27
25 74 98
91 97 187
15 6 20
12 100 112
51 66 116
34 20 54
21 54 75
23 27 49
82 46 128
25 67 92
25 49 73
43 9 51
94 52 146
66 66 131
68 43 111
63 18 81
73 63 136
59 90 149
25 61 85
25 19 44
78 30 108
51 73 124
2 64 65
66 58 123
55 76 130
47 62 109
7 5 11
72 79 151
22 67 88
8 75 83
94 58 151
73 29 102
70 86 156
72 76 147
90 7 97
99 82 181
58 1 59
41 40 81
96 40 135
80 8 87
17 46 63
8 48 55
100 27 127
34 65 98
13 97 109
84 73 157
30 98 127
10 71 80
98 84 181
25 36 60
17 85 101
72 16 87
26 65 90
64 18 81
30 71 100
10 33 43
85 69 154
88 58 146
15 79 93
97 78 175
22 81 102
29 8 37
80 51 130
14 50 63
57 53 109
99 17 116
73 15 88
38 6 44
98 26 123
25 42 67
94 41 134
33 68 100
85 14 98
68 76 144
87 89 175
7 7 13
50 22 71
42 59 101
38 64 101
47 53 100
99 35 133
27 3 29
55 84 138
50 92 142
75 46 120
52 76 128
18 54 71
2 40 42
55 48 103
17 26 42
96 2 97
21 17 37
18 100 117
61 67 128
9 67 76
59 69 127
71 25 95
14 16 29
49 57 105
97 5 102
84 46 129
99 90 189
5 93 98
39 2 40
46 10 56
62 19 81
12 84 95
17 16 32
73 21 94
60 60 119
17 85 101
87 42 129
61 27 88
21 22 43
56 39 94
46 89 135
76 89 164
74 97 171
7 97 104
94 74 167
11 81 92
28 43 71
22 85 106
40 81 120
84 46 129
66 71 136
67 93 160
23 49 71
73 14 86
99 92 190
80 56 135
58 8 65
95 43 137
56 47 103
33 65 98
92 73 165
92 53 145
32 10 42
21 57 77
33 7 40
18 82 99
44 95 138
50 10 60
74 85 158
13 56 68
59 84 142
2 2 4
28 37 64
44 84 128
57 57 114
37 97 134
81 5 85
90 19 109
90 45 135
76 72 148
65 59 124
86 77 162
8 85 92
53 78 131
15 22 37
23 49 72
78 21 99
7 65 71
90 69 158
81 25 105
90 91 180
13 4 17
51 78 129
46 91 136
94 61 155
39 58 96
64 63 126
58 95 153
86 5 91
58 91 148
88 49 137
58 21 79
18 19 37
48 72 120
27 73 99
96 46 141
90 4 94
42 35 77
21 75 96
82 77 158
8 61 68
5 91 96
23 97 119
100 70 169
14 1 14
3 21 23
31 29 59
33 75 108
98 72 170
31 37 68
16 50 65
100 78 177
92 72 163
74 90 163
66 26 91
56 13 68
9 64 73
75 18 92
98 7 104
13 61 73
85 77 161
98 17 114
19 40 58
73 5 78
4 17 20
70 94 163
12 12 23
78 12 90
29 9 38
53 19 72
29 83 111
36 87 122
6 41 46
35 84 118
4 45 48
72 28 100
11 77 88
85 86 171
47 13 59
74 3 76
12 96 108
14 7 20
67 98 164
17 24 40
31 81 112
32 1 33
88 98 185
90 26 116
54 30 84
35 83 117
17 6 23
37 57 94
35 52 86
81 60 140
64 30 93
65 2 67
65 67 132
83 86 168
73 83 156
71 45 115
65 24 88
51 33 83
54 65 119
54 96 150
88 10 98
68 52 120
71 82 152
1 5 5
70 37 106
9 81 90
44 81 125
5 51 56
55 35 89
10 93 103
71 23 94
57 84 141
74 69 142
58 82 139
79 33 111
43 30 72
8 29 37
80 7 86
92 99 190
16 32 47
14 15 29
42 7 49
82 79 160
92 78 170
24 97 120
25 87 111
82 74 156
33 32 64
44 21 65
13 30 43
27 71 97
12 4 16
67 86 152
60 11 70
90 74 163
33 82 114
68 90 158
58 60 118
65 58 122
44 95 139
98 89 186
89 34 122
63 21 84
70 49 119
11 6 17
57 92 148
73 49 121
6 56 61
87 3 89
1 67 68
62 18 80
20 77 96
97 68 165
73 43 116
87 1 87
56 8 64
93 19 111
99 15 114
49 59 108
16 26 42
78 44 122
42 4 45
2 49 50
64 87 151
18 50 67
82 48 130
94 60 154
30 89 119
79 45 123
18 66 84
56 34 90
100 19 118
89 48 136
6 33 38
86 61 147
58 18 76
22 75 97
67 14 81
53 17 69
44 26 69
96 48 143
86 91 176
25 52 76
56 81 136
48 38 86
10 10 19
57 44 100
16 62 77
24 33 56
36 56 91
49 88 137
2 11 13
9 27 35
34 13 46
47 44 90
3 42 45
32 37 69
60 12 71
90 64 154
61 24 85
43 40 83
84 10 93
91 79 170
50 2 51
87 17 104
16 43 59
94 66 160
81 3 83
62 85 146
56 28 84
38 44 81
57 2 59
7 46 52
99 86 185
44 77 121
17 55 71
31 85 116
9 64 73
41 75 115
52 76 127
28 10 37
49 64 112
53 1 54
32 91 122
28 98 126
96 13 108
46 7 52
55 58 113
41 39 80
67 28 94
51 64 115
91 86 177
17 53 69
82 81 163
44 99 143
94 58 151
45 45 90
8 10 18
29 5 34
51 59 109
77 13 89
19 84 103
1 34 35
10 66 76
73 46 119
100 13 112
63 24 86
14 98 111
86 15 101
95 49 143
36 75 110
34 24 57
36 39 75
25 24 48
93 6 98
2 2 3
29 27 56
86 70 155
35 59 94
77 12 89
59 8 66
46 42 87
63 14 77
60 62 122
16 23 38
21 22 43
20 100 119
44 78 122
69 80 148
41 55 95
80 21 101
22 51 73
97 2 99
25 92 117
74 97 170
21 83 104
81 91 172
93 78 171
63 89 151
65 47 111
43 63 106
98 64 162
39 48 86
2 14 16
32 40 72
5 51 55
71 41 111
54 49 102
68 22 89
41 18 58
17 42 58
81 10 90
31 35 66
37 80 116
53 72 125
89 28 116
54 92 145
89 96 185
60 46 106
79 91 170
79 38 116
82 61 142
56 66 121
38 33 70
32 93 124
78 4 81
27 3 29
29 17 46
2 70 71
14 71 85
82 86 168
46 21 66
20 36 55
97 15 111
8 45 53
6 58 63
82 13 94
84 22 106
14 62 76
96 18 113
42 51 92
41 69 110
34 72 106
51 22 73
37 61 98
33 29 62
47 39 85
98 46 143
89 44 133
35 89 124
17 42 58
57 65 121
17 25 42
9 21 30
35 15 49
86 45 130
56 2 58
82 56 138
62 37 98
40 28 68
56 44 100
47 74 120
89 9 97
85 74 158
92 74 165
76 44 119
6 73 79
10 47 56
68 27 95
59 26 84
63 41 103
37 11 48
74 61 135
9 13 22
93 45 138
48 93 140
87 63 149
96 75 170
99 77 176
52 80 132
78 32 109
90 50 139
26 99 125
91 87 178
75 66 140
20 81 100
40 54 93
13 84 96
98 52 150
75 24 98
30 89 118
69 24 93
43 72 115
2 46 47
97 22 119
18 6 24
62 42 104
69 53 121
66 63 129
100 99 198
96 43 139
85 24 109
62 87 149
87 91 178
96 72 167
20 2 22
34 83 117
20 36 56
87 60 146
55 100 154
87 31 118
67 14 81
94 9 102
19 63 81
66 34 100
6 48 53
65 61 126
23 64 87
84 82 165
53 19 72
36 89 124
56 35 91
47 9 56
74 74 148
93 15 107
22 21 43
65 23 88
24 22 46
7 26 33
86 37 122
93 75 168
9 75 84
64 68 132
10 95 104
53 71 124
46 66 112
14 70 84
40 20 60
44 66 109
35 36 71
71 9 80
74 12 86
93 27 119
56 31 86
25 82 107
21 20 40
88 39 126
69 11 80
62 49 110
13 94 106
67 80 146
62 66 127
32 97 128
35 92 126
12 46 57
18 21 39
45 7 52
20 28 48
13 70 82
30 17 47
11 1 11
54 86 139
74 93 166
3 21 23
92 18 109
77 32 109
88 66 154
4 83 86
56 43 98
87 65 151
18 16 33
14 66 79
32 94 126
93 26 118
81 61 142
8 37 44
45 48 92
90 68 157
77 59 136
28 81 108
18 38 56
8 67 75
79 20 98
71 87 158
73 5 77
49 13 61
40 99 138
22 41 63
46 61 107
94 46 139
56 56 112
56 98 153
63 22 85
43 73 116
61 69 130
93 42 135
59 26 85
56 100 155
19 25 43
30 10 40
47 51 98
88 62 149
4 60 64
59 48 106
64 56 120
41 9 49
7 3 9
97 68 165
58 30 88
40 46 85
36 37 73
51 93 144
19 95 113
37 36 73
27 87 113
43 11 53
61 75 136
81 100 181
57 80 137
67 83 150
53 95 147
57 40 97
86 43 128
13 29 42
51 41 91
6 97 102
41 44 85
95 65 160
55 63 117
98 62 160
4 22 25
90 21 111
38 77 115
88 87 175
13 5 18
78 88 165
35 21 55
34 74 107
4 29 33
11 13 23
41 59 99
81 36 117
72 52 124
22 9 31
85 11 95
75 74 149
44 29 72
4 86 90
64 12 76
72 40 112
20 56 76
22 30 52
57 97 153
46 8 53
21 53 74
22 54 75
91 95 185
69 33 102
64 68 131
37 49 85
5 65 70
63 94 157
34 33 66
43 71 113
72 80 152
6 100 106
19 55 74
12 32 44
46 70 115
96 11 107
69 78 146
92 53 145
71 3 73
65 81 145
9 88 96
32 60 92
97 77 173
19 11 29
75 81 156
79 5 83
94 93 186
48 78 126
83 28 110
77 39 116
76 75 150
20 75 95
46 63 108
83 42 124
96 95 191
18 44 61
22 59 80
20 81 100
76 74 149
13 14 26
33 18 50
75 37 112
37 95 131
90 78 167
98 5 102
74 94 168
63 87 149
100 54 154
49 28 77
45 58 103
100 11 110
75 96 171
43 9 52
67 31 98
32 17 48
25 76 100
59 47 106
6 81 87
16 29 45
32 40 71
70 8 77
83 56 139
53 97 149
51 30 81
40 34 74
79 59 138
41 70 110
30 32 62
26 35 61
39 3 41
66 96 162
84 80 163
25 48 72
60 83 143
50 44 94
7 28 35
17 41 58
63 61 123
36 94 129
40 53 93
46 46 92
61 97 158
47 54 101
88 66 154
7 85 91
51 67 118
64 94 157
79 47 126
91 33 123
77 68 145
13 69 81
84 26 109
46 62 108
10 65 75
93 54 146
68 93 160
84 41 124
39 14 53
58 84 141
22 63 84
2 27 28
2 91 93
41 25 66
82 95 176
67 65 132
61 36 97
61 88 148
64 27 91
68 59 126
61 53 114
92 90 182
48 17 64
85 36 120
53 83 135
44 79 123
71 68 138
59 90 148
65 73 138
64 89 153
25 5 30
68 40 108
72 9 81
87 35 121
6 12 17
43 49 91
71 87 157
51 88 138
42 35 76
28 95 123
62 75 137
85 57 142
88 62 150
83 36 118
59 52 110
17 36 52
81 90 171
79 35 113
56 46 102
67 8 75
28 96 124
67 70 137
85 81 165
75 83 158
9 52 60
12 86 98
81 87 167
78 62 140
34 18 51
8 52 60
31 31 61
52 63 115
60 10 70
13 76 88
26 2 28
25 86 110
49 22 70
97 43 139
24 69 92
64 87 150
53 18 70
13 25 38
33 9 41
14 6 19
89 3 91
69 39 107
83 86 168
50 15 64
25 47 72
51 64 115
16 67 83
96 77 173
52 36 88
8 76 83
76 86 162
19 9 28
19 80 99
15 22 37
46 92 138
54 4 57
63 39 102
2 26 27
7 78 84
59 83 142
49 81 130
85 69 153
23 86 109
60 14 73
40 35 75
41 1 41
91 55 145
75 39 113
74 4 78
97 48 145
46 61 106
31 40 71
54 10 63
69 71 139
38 89 127
33 99 131
25 17 42
62 20 81
26 68 94
35 96 130
35 66 101
84 25 108
51 83 134
3 36 39
72 85 157
64 39 103
25 37 62
90 49 138
76 14 90
67 21 87
82 27 108
19 73 92
48 99 147
47 40 86
100 81 181
58 39 96
21 69 89
95 24 119
64 53 116
59 29 88
93 93 185
17 42 58
56 77 132
64 57 120
48 35 82
24 73 96
5 74 78
38 11 48
68 85 152
22 87 109
84 93 176
7 74 80
56 80 136
66 60 125
16 60 76
55 10 65
40 40 80
4 18 21
76 27 103
3 58 60
14 14 28
51 13 63
67 19 86
84 34 117
82 26 107
8 7 14
83 4 86
29 45 73
22 53 75
64 76 139
82 58 139
33 51 83
20 42 62
4 63 66
44 26 70
59 49 108
6 31 36
41 94 134
87 52 139
55 46 100
3 73 76
37 41 78
42 20 61
89 62 151
18 73 91
74 9 82
78 2 80
8 22 29
100 23 123
37 56 92
29 21 50
27 39 66
90 19 109
11 20 30
24 1 25
41 9 50
10 9 19
51 47 97
6 92 97
53 66 119
35 60 94
35 7 42
36 88 124
83 97 180
76 86 161
97 33 129
98 7 105
11 44 54
92 97 188
80 34 114
25 21 46
63 6 68
17 84 100
93 3 95
4 84 88
7 57 63
98 63 160
55 64 119
14 31 45
29 81 109
43 78 120
18 88 106
67 17 84
18 96 113
57 78 135
10 90 100
100 85 185
76 60 136
38 82 119
37 78 115
89 2 90
93 35 128
26 38 64
14 79 92
34 54 88
55 57 112
89 35 123
3 94 96
84 38 122
91 71 161
47 24 70
76 66 142
12 37 49
44 21 64
48 13 61
83 46 129
52 92 143
6 48 53
7 30 36
83 53 136
68 95 162
94 43 137
16 9 24
6 48 54
98 52 150
20 25 44
30 91 120
9 34 43
24 75 98
23 99 121
31 32 63
69 74 143
26 81 106
87 5 92
48 12 59
76 63 139
52 23 74
1 58 58
83 56 139
39 97 135
16 55 70
38 44 82
30 9 38
66 49 115
60 57 117
98 52 149
93 66 159
52 7 58
76 49 124
14 82 96
79 19 98
16 94 109
64 8 72
22 3 24
25 30 55
46 6 51
8 3 10
92 52 143
87 28 114
38 15 52
68 51 119
89 95 184
2 91 93
17 96 112
19 86 105
81 9 90
50 32 81
21 80 100
77 58 134
7 96 103
95 93 187
67 1 68
44 44 87
73 33 105
57 32 89
50 75 125
9 41 50
53 70 123
89 94 182
15 6 20
8 70 78
10 15 25
38 4 42
80 72 152
51 30 81
6 90 96
45 9 54
90 46 136
72 81 153
16 49 64
3 7 10
75 99 173
17 11 28
70 46 116
58 26 83
21 14 34
5 61 65
2 12 14
48 91 138
86 64 149
29 12 41
72 90 162
26 27 52
11 4 14
83 23 105
35 54 89
66 78 144
82 44 126
13 59 71
23 48 71
44 2 46
19 5 24
85 96 180
28 60 88
4 28 32
66 27 93
80 79 158
51 83 134
98 46 144
84 98 182
35 78 113
24 44 68
10 64 73
13 35 48
13 84 97
7 88 94
57 16 73
65 55 120
18 82 100
93 83 176
12 32 43
36 8 44
97 11 107
64 93 157
52 42 94
5 55 59
46 74 119
73 65 137
60 5 65
41 12 52
66 98 163
90 46 135
61 33 94
83 71 154
36 81 116
19 16 34
61 83 143
86 91 176
43 51 94
15 97 111
63 94 156
56 42 97
6 62 68
89 21 109
67 35 102
40 22 62
29 30 58
90 8 98
84 70 154
98 26 123
29 97 126
80 91 171
37 17 53
67 43 110
65 77 141
55 58 112
26 62 88
13 58 70
59 16 74
33 10 42
91 92 182
69 46 114
36 59 95
72 56 128
97 14 110
19 32 50
8 5 12
81 9 89
91 92 183
58 16 73
9 49 57
62 9 70
24 100 123
45 50 94
82 28 110
68 97 164
29 66 94
93 23 116
82 10 92
98 72 169
68 49 116
48 83 131
57 41 98
89 19 108
85 96 180
89 69 157
2 87 88
91 66 156
84 83 167
60 1 61
84 44 127
30 60 89
26 8 34
79 62 140
60 31 91
31 6 36
37 70 106
29 53 82
3 51 54
4 99 103
54 86 139
63 31 94
51 21 72
54 4 58
50 79 128
97 49 146
94 18 112
82 21 103
2 30 31
98 22 119
52 76 128
6 27 33
3 96 98
58 11 68
4 93 97
75 29 104
81 21 101
47 35 82
29 34 63
53 25 77
62 87 148
43 44 86
33 4 36
63 52 115
1 29 30
51 48 99
75 30 105
58 10 68
27 38 65
95 70 164
5 47 51
20 30 50
98 41 139
80 61 140
65 49 114
19 4 23
22 85 107
34 93 126
100 44 143
93 24 117
93 46 138
16 66 82
53 21 73
92 56 147
40 20 60
14 10 24
85 58 143
34 93 126
87 77 163
98 38 136
12 58 69
55 63 118
29 81 110
86 79 164
53 96 149
9 26 34
30 20 49
55 95 149
54 35 89
29 81 110
65 7 71
10 56 66
60 90 150
56 59 114
32 10 41
47 15 61
97 41 138
71 99 170
82 34 116
9 11 19
79 68 146
64 47 111
39 73 111
71 52 123
52 79 130
95 82 177
34 3 36
43 78 120
3 99 101
55 45 99
72 82 153
16 100 115
28 70 98
50 78 127
27 55 81
55 43 98
15 5 19
63 2 65
75 99 173
30 53 83
100 43 142
94 97 190
52 60 112
63 62 125
83 96 178
100 99 199
58 78 135
24 14 37
48 2 49
90 15 104
23 50 72
15 98 112
56 53 108
7 24 31
1 74 75
64 91 155
60 37 97
47 72 118
91 4 94
69 88 157
17 56 72
66 57 122
27 21 48
74 87 160
36 5 40
61 33 94
56 96 151
15 7 21
82 67 148
43 24 67
62 60 121
52 13 64
29 96 124
93 61 154
83 94 176
60 80 139
93 66 158
46 22 67
5 64 69
32 61 92
11 43 54
50 34 83
87 68 155
3 9 12
77 6 83
30 37 67
20 44 64
86 90 176
10 68 77
11 83 93
40 5 44
89 99 187
32 87 119
18 99 117
27 96 122
2 100 101
59 30 89
84 79 163
23 27 49
55 73 128
74 66 140
16 41 57
38 87 125
29 92 120
25 70 94
27 44 71
47 74 121
11 77 87
98 100 198
98 80 177
51 73 124
95 71 165
74 44 118
36 39 75
41 70 111
23 56 79
100 5 105
65 10 74
18 68 85
87 51 137
88 73 161
55 74 129
29 94 123
44 35 78
99 52 150
12 85 97
6 20 25
3 97 100
77 27 103
64 93 156
50 48 97
9 12 20
3 40 42
72 27 98
16 19 34
22 8 30
33 95 128
45 33 78
64 18 82
48 33 80
59 50 109
7 77 84
96 43 138
48 61 109
100 57 157
87 25 111
25 3 28
64 94 157
52 45 97
48 84 132
49 59 107
10 53 62
16 35 50
100 3 103
17 29 46
16 14 29
25 25 50
22 57 78
58 59 117
47 19 65
59 48 107
98 94 191
56 61 116
30 2 32
12 44 56
98 20 117
60 69 129
81 23 103
99 27 125
67 57 124
72 19 91
88 58 146
38 17 55
26 97 122
58 13 70
37 84 120
5 14 18
93 61 153
29 7 35
25 82 107
84 5 88
31 98 128
96 96 192
27 86 113
50 23 73
36 18 54
97 98 194
24 41 65
64 72 135
23 48 71
86 31 117
53 76 128
40 43 82
90 35 124
33 16 48
51 85 135
48 2 50
27 16 42
58 65 123
21 58 78
84 42 125
8 44 51
50 41 91
27 22 48
48 13 61
47 90 136
78 93 171
21 98 119
71 99 169
10 46 55
23 77 99
42 98 139
79 52 131
42 20 62
15 74 88
64 4 68
62 9 71
28 46 73
98 12 109
19 25 43
29 95 123
55 74 128
92 51 142
88 25 113
26 85 111
36 93 128
6 16 21
95 56 150
86 9 94
99 78 177
47 82 128
74 66 140
97 72 168
92 62 154
36 77 113
71 23 94
20 66 86
98 98 196
29 87 116
24 9 32
61 43 104
20 41 61
40 99 139
1 26 27
19 25 44
79 87 165
7 71 78
69 7 76
60 67 126
2 3 4
59 82 141
26 38 64
8 100 108
52 52 103
33 73 105
61 92 152
80 57 137
21 22 42
58 80 137
91 18 109
41 100 141
42 26 67
35 30 65
8 32 39
48 19 66
6 97 102
66 87 153
87 40 126
21 10 30
46 75 121
38 85 123
95 75 170
58 20 77
1 99 99
30 2 32
84 36 119
44 8 52
52 14 65
59 64 123
44 30 74
40 62 101
3 4 7
2 91 93
20 91 110
2 96 98
70 100 169
23 44 67
60 3 63
53 23 75
57 12 69
67 98 165
84 75 159
16 35 50
25 90 115
2 90 91
79 48 126
100 79 178
14 86 99
44 58 101
2 46 47
99 98 196
62 19 80
62 56 117
97 9 106
72 31 102
98 14 112
100 9 109
74 92 165
62 63 124
56 26 81
57 11 68
62 62 123
64 68 132
12 2 13
54 27 80
91 78 168
47 33 79
72 78 149
43 95 138
70 39 108
2 33 34
31 27 58
3 79 82
26 57 82
42 25 67
59 40 99
13 20 32
4 12 15
59 50 108
69 60 128
9 39 47
34 94 128
2 57 59
77 59 136
89 93 182
10 58 68
60 15 75
99 52 151
7 19 25
74 95 168
75 16 91
100 38 138
36 71 106
47 8 54
24 51 74
22 26 47
17 64 81
88 87 174
58 27 84
94 29 123
37 88 125
75 6 80
6 21 26
74 40 114
73 64 137
95 87 182
6 92 98
3 29 31
26 90 115
43 29 71
39 80 119
62 92 154
91 41 132
17 27 44
30 8 38
56 36 91
90 96 185
68 99 166
79 28 107
92 52 143
5 59 64
10 52 61
12 78 89
54 16 69
22 8 30
13 79 91
49 37 85
2 72 73
68 18 86
52 54 105
51 1 52
13 9 22
85 57 142
91 38 129
62 85 146
96 74 170
66 28 93
73 36 109
5 68 72
78 98 175
13 46 58
80 41 121
23 54 76
24 93 116
94 8 101
13 35 47
86 69 155
10 35 44
24 76 99
79 67 146
76 58 133
77 26 103
79 32 111
93 29 121
99 37 135
24 15 38
17 49 65
72 27 99
28 32 59
50 34 83
17 93 110
100 47 146
87 18 105
16 70 86
100 26 126
42 38 80
31 76 107
44 16 60
30 93 123
58 33 90
25 47 72
44 2 45
35 11 45
52 18 69
28 98 125
84 14 97
83 80 162
64 16 80
95 48 143
37 49 85
62 40 101
96 71 167
79 75 153
84 37 120
67 95 161
9 38 46
55 3 57
82 26 108
32 19 50
20 10 30
21 2 22
26 22 47
39 50 88
79 69 147
22 60 82
76 17 93
45 82 127
78 43 121
94 24 118
71 89 159
2 30 32
39 18 57
50 1 51
59 64 123
10 1 11
4 15 19
33 44 76
95 55 150
14 48 62
16 17 33
72 70 141
54 61 115
30 33 63
42 35 76
54 97 151
37 95 131
37 25 62
15 75 90
48 15 63
52 87 139
82 52 133
17 74 91
54 19 72
73 1 73
79 60 138
51 45 95
69 17 86
81 33 114
13 47 60
25 79 104
30 48 77
67 92 158
10 14 24
60 53 112
53 20 73
33 73 105
48 97 144
72 38 109
63 47 109
24 57 80
37 100 136
95 37 132
96 38 133
81 91 171
30 44 73
2 58 60
35 39 73
66 11 76
64 59 122
53 14 67
72 79 150
35 1 36
61 60 120
49 74 122
32 38 69
76 60 135
45 4 49
43 23 66
25 97 121
73 35 108
21 12 33
49 19 68
85 73 157
62 61 123
64 91 154
82 96 178
66 45 110
67 46 112
64 52 116
86 30 115
12 5 16
81 48 128
9 75 83
23 91 114
50 23 72
78 27 105
95 82 176
73 30 103
1 9 10
28 18 46
19 71 89
65 59 123
27 85 112
40 56 95
47 21 68
71 18 88
24 30 53
95 95 189
81 66 147
61 57 118
24 29 53
54 80 134
31 56 86
72 96 168
26 86 112
28 78 105
94 64 157
40 34 74
35 67 102
7 29 36
6 20 26
35 72 106
77 43 120
34 88 121
36 88 123
91 49 139
86 19 105
2 42 43
33 74 106
10 51 61
45 13 57
60 32 91
83 24 106
94 9 102
45 7 52
81 52 133
26 67 92
68 36 104
16 86 101
15 71 86
45 48 92
98 18 115
75 55 129
57 7 63
1 32 32
12 5 17
93 97 190
36 67 103
62 7 68
10 28 37
8 57 64
9 43 52
17 69 86
19 15 33
50 99 148
36 78 113
50 7 56
30 43 73
6 40 46
17 31 48
5 97 102
88 82 169
79 2 81
2 4 5
52 9 60
10 6 16
81 100 180
70 70 139
73 62 134
68 17 84
87 42 129
25 60 84
34 11 45
2 91 93
39 45 84
56 61 116
64 83 147
90 31 121
1 61 61
76 32 108
87 94 181
17 40 57
64 14 77
45 58 103
16 45 60
32 88 120
47 69 116
23 62 85
76 87 162
50 29 79
41 13 54
85 15 100
47 44 90
39 72 111
10 5 15
54 7 61
48 80 128
87 76 163
18 79 96
72 95 166
55 65 120
82 81 163
88 84 171
21 36 56
67 39 105
93 55 147
27 53 79
94 15 109
91 54 145
86 7 92
58 75 132
32 18 50
50 7 57
33 78 110
6 25 30
59 97 156
44 83 126
62 26 87
88 82 170
88 66 153
28 61 88
73 45 117
91 40 131
52 39 91
54 96 149
78 35 112
29 61 90
26 55 81
65 32 96
97 91 187
3 51 54
82 58 139
12 97 108
96 49 145
66 42 107
35 4 39
35 87 121
33 54 86
56 91 146
38 62 99
41 96 137
75 30 104
38 50 87
93 19 111
86 16 102
87 24 110
77 25 101
49 11 60
82 3 84
16 36 52
15 81 95
85 48 132
30 87 117
31 16 47
34 44 78
84 52 135
11 76 86
87 86 172
18 73 90
95 36 131
6 24 30
81 100 181
27 50 76
77 48 124
28 2 30
96 30 126
84 43 126
98 50 147
71 19 89
76 4 79
92 53 144
30 48 78
53 98 150
87 88 174
71 59 129
33 44 77
78 13 90
13 4 17
94 58 151
63 44 107
68 60 128
62 49 111
45 65 109
81 93 173
77 92 168
11 2 12
80 55 135
56 34 90
91 90 180
39 5 44
40 9 49
25 1 25
37 7 44
55 78 133
31 80 111
72 34 105
27 46 73
82 8 89
14 100 114
58 80 137
48 91 138
37 95 131
37 44 80
82 25 106
24 87 111
3 77 80
28 15 42
48 33 80
3 11 13
95 44 138
13 89 101
27 35 62
84 71 155
84 80 164
85 59 143
70 28 97
80 96 176
35 48 82
21 69 90
29 30 58
33 42 74
18 77 95
73 90 162
42 43 85
47 30 76
94 74 167
89 15 104
61 7 67
76 3 78
73 80 153
91 37 128
8 59 67
26 78 103
86 37 123
77 52 128
95 91 185
19 12 31
13 25 37
89 12 100
41 20 61
54 94 148
55 77 132
68 7 74
2 83 84
74 77 150
99 60 159
3 60 62
44 77 120
14 38 51
32 87 118
16 3 18
13 95 108
87 13 100
43 83 125
13 35 47
59 98 156
55 12 66
38 83 120
5 43 48
74 33 106
14 17 30
37 71 108
65 43 108
41 64 105
83 14 97
8 43 50
20 85 105
39 59 98
11 71 81
47 39 85
63 55 117
69 90 158
2 40 42
39 41 80
85 11 96
67 96 163
89 67 156
54 70 123
36 67 103
55 24 79
14 33 46
92 96 187
12 11 22
46 75 121
65 72 136
8 72 80
55 8 62
41 16 57
73 64 136
51 11 62
89 66 154
58 69 126
94 43 137
21 5 25
25 91 115
98 84 181
4 57 61
28 52 80
60 97 157
47 75 122
25 58 82
24 63 87
44 63 107
5 49 53
35 50 84
10 97 106
49 33 82
48 27 74
62 55 116
91 78 168
45 80 124
44 87 130
43 43 85
28 39 66
39 86 124
52 12 63
74 42 115
26 12 37
61 3 63
74 83 156
1 42 43
91 43 134
25 11 36
22 95 117
29 95 123
97 98 194
7 57 64
40 24 63
64 26 89
25 74 98
22 88 110
47 2 49
5 74 79
3 52 54
21 44 65
45 28 73
16 77 92
24 39 62
63 57 119
79 85 164
68 19 86
6 21 26
18 58 76
80 22 102
40 16 55
77 31 107
10 93 102
75 10 84
81 64 145
84 13 97
87 68 154
73 44 116
29 46 74
84 2 85
98 1 99
56 81 136
82 62 144
82 79 161
71 36 106
25 7 31
8 7 14
36 61 97
92 61 153
87 39 126
36 57 92
36 87 123
25 1 26
74 61 134
16 34 50
20 62 81
21 16 37
62 72 133
85 77 161
38 5 42
81 43 124
43 76 119
43 95 138
76 4 80
32 59 91
3 75 78
65 63 127
100 90 189
58 77 134
12 12 23
40 36 75
58 3 61
40 85 125
30 10 39
29 95 124
46 16 62
69 11 79
97 43 140
98 67 165
100 16 116
77 6 83
60 98 157
24 45 69
30 89 119
29 96 125
13 49 62
8 71 78
68 59 126
50 19 68
39 61 100
6 80 85
84 72 155
80 28 107
12 22 34
29 68 97
78 70 147
81 95 176
32 8 39
1 56 57
56 12 68
98 14 111
7 93 99
57 19 76
78 12 90
2 9 11
71 66 136
43 46 88
76 40 115
88 75 162
65 62 127
82 20 102
88 46 133
27 67 94
31 33 64
90 30 120
23 27 50
85 12 96
9 46 55
96 78 173
21 6 27
17 8 24
70 66 136
60 49 109
39 100 138
16 97 113
11 54 65
11 43 54
82 62 143
14 10 23
43 90 132
81 29 109
76 51 127
4 30 33
59 80 139
68 37 104
68 18 85
29 57 85
3 73 76
30 16 46
25 16 40
1 70 71
24 52 76
98 66 164
62 31 93
73 83 155
22 97 119
44 69 113
77 82 159
62 49 110
74 49 122
88 19 106
50 46 95
90 10 100
58 62 119
95 53 147
88 19 106
96 18 113
1 75 75
20 59 78
11 56 67
88 47 135
9 93 102
3 55 58
1 79 80
14 16 30
12 9 21
78 11 89
65 52 117
6 93 98
13 71 84
24 80 103
41 77 118
47 20 66
46 64 110
59 75 133
26 93 119
80 48 128
44 24 68
15 98 112
57 83 140
49 20 69
85 91 175
59 94 152
78 36 114
79 37 116
15 67 82
54 76 130
62 15 76
48 77 124
56 22 78
50 11 60
51 54 104
18 61 79
21 10 31
43 76 118
35 35 69
80 34 114
80 66 145
29 80 109
64 80 143
96 100 196
44 71 115
73 46 119
70 3 72
87 98 185
30 88 118
84 59 142
48 82 129
69 29 98
82 8 89
55 73 128
99 64 162
26 7 33
27 42 68
22 75 96
14 11 24
93 56 149
61 98 159
9 50 58
68 41 109
13 5 17
9 96 104
76 19 95
63 1 63
37 42 79
49 82 131
56 80 136
89 58 147
94 94 187
12 40 51
54 100 154
95 42 137
60 40 100
58 8 65
36 4 39
14 61 75
91 18 109
48 6 53
88 79 167
14 16 29
90 1 91
56 28 83
37 38 74
73 68 140
90 75 165
9 78 86
41 60 101
70 76 146
4 16 20
89 66 154
4 61 64
61 40 100
50 17 66
5 67 72
53 69 122
59 76 135
30 78 108
17 49 66
35 18 52
42 18 60
98 75 172
75 21 95
97 84 180
28 19 46
99 17 115
57 10 67
46 57 102
58 4 61
89 47 136
40 9 49
21 69 90
36 6 41
6 10 16
88 79 167
89 11 99
92 48 139
44 42 85
43 31 74
27 56 82
56 82 138
71 65 136
41 78 118
85 8 93
58 24 82
88 30 117
68 43 111
87 93 180
78 29 106
55 95 150
73 22 94
60 28 87
18 17 34
73 93 166
31 59 89
48 61 109
43 64 107
45 67 112
26 45 71
69 5 73
22 40 61
54 89 143
4 85 89
50 93 142
79 63 142
23 75 97
87 45 132
55 77 132
14 27 40
64 93 157
99 19 117
51 58 109
3 74 77
8 16 23
62 16 77
86 49 135
68 60 127
83 58 141
16 52 67
64 4 67
26 45 71
78 53 131
52 35 87
33 97 130
2 7 9
40 28 68
100 57 156
58 99 157
30 95 125
73 85 158
97 75 171
41 32 73
11 21 32
28 80 107
95 18 112
70 29 98
65 86 151
56 18 73
26 6 32
52 96 148
43 19 61
72 13 84
13 68 80
5 75 80
99 88 187
40 6 45
62 69 130
22 43 65
99 95 193
66 68 133
12 49 61
55 21 75
10 84 93
60 57 116
65 41 105
20 34 53
54 80 133
24 41 64
70 55 125
95 55 149
27 46 72
1 15 16
72 46 118
79 73 151
35 38 72
80 52 132
62 88 149
56 47 102
84 48 131
82 79 160
26 77 102
19 36 54
90 74 164
39 47 86
60 51 111
98 52 150
49 44 92
47 75 121
42 76 117
20 63 83
72 39 110
25 91 116
62 59 120
88 44 132
13 71 84
1 11 11
27 17 44
70 22 92
92 17 109
26 86 111
4 13 16
36 85 120
5 4 9
69 37 106
6 75 80
59 44 103
90 63 153
99 36 134
88 80 167
7 51 58
74 18 91
11 63 74
89 8 96
70 85 154
78 48 125
1 42 42
36 80 116
91 90 180
93 33 126
62 48 109
63 51 113
91 75 166
48 95 143
28 14 41
2 70 71
15 69 84
52 68 120
43 48 90
21 7 27
74 94 167
30 10 39
76 51 126
21 79 99
84 29 113
3 39 41
87 56 143
88 67 155
62 25 86
3 26 29
60 22 81
64 38 101
95 49 143
74 79 152
69 84 153
13 21 34
45 63 107
89 19 108
86 13 98
79 49 127
19 32 50
58 20 78
76 1 77
51 57 107
12 81 93
10 5 14
21 77 98
30 44 73
85 14 99
86 98 183
62 53 115
30 64 93
54 92 146
31 82 113
43 26 68
39 35 73
14 88 102
35 42 76
33 37 69
42 30 72
74 23 97
71 1 71
81 38 118
39 13 52
51 34 85
86 73 159
96 72 167
30 59 89
28 61 89
36 82 117
12 64 75
81 54 135
72 83 155
36 32 68
58 64 121
31 36 66
17 10 27
69 96 165
55 71 125
39 7 46
15 100 115
44 5 49
15 3 18
71 57 128
25 39 64
82 8 90
28 45 72
55 21 76
58 6 64
99 54 153
95 82 176
70 96 165
69 87 155
96 52 147
47 16 62
82 8 89
22 37 58
89 100 188
65 60 125
38 83 121
26 55 81
90 13 103
28 39 66
60 95 154
14 100 113
52 28 80
15 98 113
82 41 122
28 73 100
14 66 80
72 3 74
88 16 103
68 10 77
9 84 92
44 42 85
17 8 24
47 39 86
27 93 119
75 12 87
95 58 153
82 90 172
97 9 106
62 35 96
99 54 153
95 21 116
62 26 88
58 26 83
19 98 117
66 14 79
96 8 103
81 10 90
65 44 109
54 99 152
28 15 43
100 14 113
93 39 132
37 83 119
41 39 80
78 10 88
48 92 139
33 99 131
98 94 191
25 19 44
82 93 174
65 97 162
100 23 122
8 56 63
89 90 179
69 37 106
93 55 147
27 85 111
83 74 156
25 41 65
22 52 73
65 68 132
78 72 149
55 95 150
84 37 120
82 16 97
68 23 91
50 23 73
43 24 66
56 7 62
22 58 80
73 13 86
79 36 114
69 74 143
6 93 98
14 76 90
75 14 89
56 61 117
1 3 4
41 50 90
76 12 87
2 78 79
1 61 62
6 55 60
68 74 142
32 41 72
5 1 5
60 6 65
94 58 151
62 25 86
63 14 77
73 57 130
89 17 106
28 60 87
2 52 54
29 92 121
43 9 51
36 25 60
56 17 73
65 8 73
47 11 58
88 98 185
2 71 73
62 8 69
57 47 103
22 2 24
13 37 50
71 92 163
100 26 126
22 23 44
15 58 73
53 10 62
23 91 113
3 85 87
91 49 140
35 99 134
4 5 9
11 22 33
86 30 116
22 85 107
52 53 105
26 6 32
41 41 82
30 98 128
11 46 57
85 72 156
3 53 56
2 22 23
59 77 136
39 54 92
36 35 71
55 64 118
11 79 89
95 19 113
60 27 86
15 21 35
70 25 94
60 54 114
15 21 35
26 37 63
35 61 96
33 39 71
77 100 177
82 87 169
50 15 65
57 73 130
6 30 36
30 3 33
98 84 182
95 14 108
78 53 131
59 55 114
94 93 186
43 56 98
65 73 137
20 62 81
78 53 130
99 7 105
53 72 125
17 27 43
70 59 128
12 90 101
29 25 54
95 29 123
42 82 124
46 45 91
17 1 17
15 22 36
52 15 66
55 27 82
94 41 134
15 7 22
58 47 105
49 62 110
99 75 173
21 90 111
24 41 64
94 47 140
49 21 69
13 66 78
55 53 107
16 64 80
31 75 106
33 99 131
29 17 46
42 16 57
18 44 62
20 72 91
86 36 122
25 20 45
88 78 165
24 65 89
15 32 46
33 94 126
2 2 4
66 92 158
5 6 11
81 4 85
6 3 8
51 90 140
20 75 95
91 11 102
44 53 97
29 89 118
67 54 121
76 60 136
85 83 168
66 96 161
27 71 97
70 59 129
7 92 98
60 98 157
14 35 48
26 14 39
12 18 29
14 75 89
47 63 110
65 4 69
73 73 146
21 67 88
12 42 54
39 25 63
28 4 31
26 8 34
15 74 88
45 14 58
11 58 69
10 69 78
6 65 70
57 100 157
62 57 119
37 68 105
100 57 157
14 39 52
34 39 73
37 17 53
99 10 109
27 79 106
16 9 25
42 60 101
4 93 96
31 54 85
100 37 136
59 46 105
97 51 148
18 72 89
69 84 153
72 61 133
29 100 129
48 70 117
68 82 150
62 68 129
62 88 150
89 67 155
33 11 43
45 54 99
62 66 127
44 30 73
18 89 106
88 74 162
3 23 26
66 7 72
88 83 171
24 17 40
38 72 109
40 19 59
37 33 70
64 52 116
14 45 58
9 71 79
98 71 169
8 24 31
34 67 100
48 80 128
98 36 134
82 92 174
89 8 97
44 97 141
19 71 89
25 7 31
42 97 138
7 2 8
40 54 94
15 7 21
63 30 93
42 55 97
74 46 120
95 6 100
14 36 50
55 35 89
87 49 136
70 95 165
13 1 13
28 70 97
31 40 71
97 82 178
4 54 58
61 90 150
12 74 86
13 12 24
4 9 12
83 23 106
12 48 59
65 16 81
85 49 133
38 18 55
65 40 104
92 81 173
88 93 180
2 18 19
34 84 118
72 17 88
16 89 105
1 28 29
31 1 32
67 1 68
25 97 121
25 41 66
28 26 53
92 49 141
89 3 92
40 45 84
38 70 108
32 69 101
87 42 129
38 62 100
51 47 97
91 79 169
36 10 46
70 30 99
81 10 90
41 1 42
51 70 121
35 73 107
39 19 58
65 22 86
71 56 126
86 99 184
30 63 92
95 90 184
85 19 103
74 87 161
83 83 166
25 19 43
74 76 150
94 37 131
31 27 58
61 72 132
53 92 144
11 57 67
22 88 110
31 36 67
45 67 111
4 18 21
8 78 85
4 2 6
67 45 112
65 98 162
46 93 139
93 4 97
97 2 98
62 46 108
72 17 89
72 43 115
52 93 145
60 35 95
32 92 123
28 32 59
46 39 85
78 34 112
49 25 73
38 28 66
33 11 44
48 76 123
76 49 124
66 65 130
32 2 34
95 53 147
12 82 94
65 32 97
28 24 52
20 67 86
87 80 167
88 81 169
27 94 121
96 31 127
49 71 119
53 97 149
44 17 61
68 54 121
70 74 144
9 96 105
55 100 154
36 36 71
23 58 81
68 10 77
6 21 26
86 76 162
14 5 18
74 20 93
20 71 90
52 66 118
52 81 132
14 84 97
70 72 142
71 91 162
14 84 97
39 67 106
2 67 69
43 50 93
16 53 68
23 92 115
51 90 141
83 36 119
75 34 108
88 42 130
44 75 119
38 86 124
13 31 44
47 58 104
73 28 100
94 79 172
36 51 86
19 16 34
3 23 26
13 21 34
23 74 96
89 63 151
52 46 97
30 69 99
1 16 16
14 3 17
3 32 35
99 45 143
46 59 104
30 98 128
65 39 104
8 30 37
48 78 126
46 62 108
28 46 73
13 56 68
5 70 75
63 42 105
55 25 80
7 77 84
27 28 54
80 36 116
47 78 125
2 52 53
29 93 121
36 70 105
82 92 173
25 59 83
41 57 98
89 83 171
69 46 115
15 77 92
100 57 156
14 15 29
64 10 74
12 8 19
87 73 159
9 61 70
96 61 156
14 65 79
98 62 159
45 4 49
52 30 81
18 89 106
5 84 89
11 4 14
22 41 62
85 10 95
12 24 36
26 97 123
55 33 87
13 53 65
7 19 25
61 72 132
18 24 41
83 54 137
45 11 56
69 10 78
28 3 31
43 95 137
58 18 75
73 28 100
33 64 97
39 25 63
81 65 146
30 46 76
41 32 72
20 14 33
66 5 70
71 45 116
91 8 99
84 99 182
23 8 30
50 49 98
82 4 86
52 15 67
74 65 138
49 34 82
98 46 144
15 7 21
21 100 120
45 93 137
56 58 114
36 6 42
47 22 68
82 35 116
57 100 156
70 52 121
92 24 116
57 44 101
98 87 184
10 68 77
33 84 117
76 7 82
95 40 135
4 99 102
32 68 99
63 81 143
11 31 42
69 58 127
59 32 90
93 63 156
70 3 73
84 92 176
38 7 44
14 76 90
31 31 61
64 42 106
26 11 37
80 29 108
21 15 35
16 33 48
80 51 131
45 91 135
23 84 107
1 57 58
51 9 59
44 64 107
5 7 11
96 34 130
67 12 79
59 36 95
47 64 110
79 11 89
65 66 130
59 52 111
79 68 147
59 61 120
98 82 179
24 69 92
72 28 100
48 95 143
60 97 156
91 65 155
86 67 152
48 96 143
56 40 96
52 37 89
26 91 117
73 1 74
22 71 92
21 37 58
65 29 93
1 7 8
91 86 176
21 8 29
92 42 134
92 3 95
99 93 192
89 57 146
68 48 116
89 92 181
79 63 141
42 27 68
11 53 63
66 24 90
7 33 39
9 56 64
77 64 141
57 97 153
14 63 77
7 89 95
95 72 166
44 82 125
83 58 140
96 29 124
65 57 121
14 5 18
84 42 125
44 99 143
2 97 99
93 91 183
95 31 126
67 36 102
54 5 59
73 73 145
57 8 64
81 56 137
87 18 105
51 27 77
19 2 21
63 49 112
46 60 106
65 83 147
57 88 145
78 1 78
63 5 68
68 43 111
16 96 112
47 13 60
63 71 134
85 6 90
55 64 119
4 100 103
56 89 144
4 67 70
32 41 73
70 81 150
48 47 95
61 50 110
63 35 98
54 39 92
18 9 26
24 87 111
61 85 145
22 55 76
95 28 123
36 34 70
83 88 171
19 46 65
42 71 113
38 29 66
20 19 39
39 3 41
15 67 82
34 30 64
19 6 24
74 6 79
41 79 119
10 68 78
39 9 47
91 5 96
34 80 114
5 2 6
49 30 78
48 5 52
64 20 83
33 28 60
61 17 77
18 17 34
60 68 128
85 31 116
57 24 81
51 46 96
86 100 186
15 58 73
58 98 156
44 25 68
50 3 52
8 61 69
64 28 92
84 84 167
84 7 90
56 38 94
51 85 136
1 9 9
51 78 128
20 24 43
60 39 99
44 54 97
18 93 111
9 84 92
10 53 62
13 70 83
76 28 103
65 40 104
43 47 89
84 9 93
3 65 67
22 84 106
33 73 106
64 70 133
61 95 155
85 8 93
75 14 89
27 71 98
93 39 131
36 90 125
56 87 143
46 19 64
28 64 91
81 1 81
28 22 49
100 29 128
56 76 131
84 70 153
11 37 47
28 20 47
61 76 137
80 58 138
4 43 47
80 88 167
36 40 75
91 70 161
97 10 107
96 86 181
37 9 46
49 42 91
88 71 158
77 75 152
1 18 18
88 18 106
1 96 96
68 2 69
74 3 77
44 15 59
51 81 132
20 50 69
71 47 118
87 52 138
4 50 54
58 16 74
60 49 108
32 96 127
6 40 46
37 53 90
36 21 56
62 16 78
15 18 32
49 66 114
6 56 61
6 25 30
23 78 101
7 3 9
93 46 139
4 12 16
51 41 92
49 37 86
68 49 116
81 19 100
17 77 94
4 63 66
75 42 116
36 66 101
70 54 123
27 30 57
55 24 79
35 56 91
12 51 63
54 97 151
91 47 137
20 34 53
8 36 43
36 17 52
16 47 62
76 52 127
24 12 36
27 19 46
96 94 190
61 19 79
79 28 107
44 88 132
83 14 96
45 62 106
28 36 64
87 67 153
71 55 125
54 38 91
52 18 69
77 53 130
9 23 32
87 45 131
63 19 81
32 14 46
49 39 88
95 47 141
74 35 109
20 50 70
24 46 70
82 32 114
66 28 94
52 13 65
72 64 135
12 69 81
98 37 134
65 4 68
54 91 145
75 53 128
51 81 132
98 100 198
44 34 77
36 48 84
13 16 28
70 52 122
96 46 141
76 60 136
67 81 148
75 12 87
33 10 42
17 61 77
34 73 107
21 61 82
31 36 66
25 84 108
17 58 74
69 67 135
32 32 63
44 13 56
70 41 110
4 80 84
18 42 60
16 11 27
61 94 154
8 57 64
74 34 108
91 33 124
79 88 167
13 82 95
41 90 130
84 26 109
71 4 75
98 47 144
66 96 162
18 18 35
65 53 117
95 95 189
15 100 114
57 52 108
48 91 138
17 3 20
19 10 28
50 45 95
15 84 98
83 52 134
84 13 97
91 65 155
52 6 57
75 31 105
62 82 143
50 59 109
52 10 61
89 87 176
89 61 150
37 12 49
51 23 74
97 27 124
9 60 68
77 64 141
48 85 133
100 90 189
85 8 93
69 91 159
51 98 148
78 15 93
52 44 96
38 90 127
53 64 116
48 24 72
21 64 84
54 16 70
32 12 44
29 1 30
36 8 44
96 92 187
92 41 132
25 40 65
12 6 17
90 88 178
30 89 119
26 18 44
95 54 148
30 19 49
63 95 157
57 17 74
46 31 76
6 93 98
55 75 129
58 29 86
30 48 78
52 80 131
22 94 115
48 22 70
54 65 118
43 24 66
29 31 60
63 90 153
64 17 81
77 10 87
38 97 135
96 52 148
75 27 102
45 66 111
70 5 75
58 15 73
8 30 37
90 81 170
67 70 137
52 47 98
54 28 81
85 24 109
57 57 114
16 48 64
14 15 29
99 10 108
56 49 105
86 60 145
73 56 128
70 92 161
38 18 56
33 78 110
26 91 117
37 14 51
35 33 67
39 86 124
30 25 54
27 23 50
87 84 171
91 59 149
99 15 113
59 92 150
80 4 84
91 46 136
69 95 163
69 64 132
65 64 128
100 49 149
50 59 109
34 65 99
11 23 33
49 9 57
79 73 151
20 60 79
84 44 127
48 36 83
1 72 73
27 42 68
92 83 174
35 54 89
71 26 97
78 73 151
18 79 96
4 89 93
41 84 125
57 63 119
98 21 119
69 1 69
20 20 40
96 48 143
32 88 120
78 24 102
84 77 160
54 92 145
70 7 77
76 28 104
7 48 54
87 2 88
68 69 136
85 93 178
2 6 8
87 93 179
94 13 106
73 9 81
43 53 95
35 32 66
74 89 162
80 72 151
35 96 130
70 27 97
93 62 154
54 33 87
91 20 111
52 28 79
60 53 112
92 14 105
10 23 33
74 30 104
86 81 166
27 51 78
49 51 99
44 66 109
89 74 162
79 40 118
82 14 96
87 48 135
98 56 153
45 85 129
19 21 39
79 70 148
65 5 70
78 80 158
72 15 86
53 71 123
19 54 73
81 8 88
64 46 110
53 69 122
85 28 113
50 34 83
33 83 116
40 57 97
50 45 94
6 94 100
47 9 55
47 80 126
46 87 132
10 92 102
91 21 111
51 86 137
4 6 9
94 41 135
34 4 37
21 17 38
68 95 162
63 47 109
49 61 110
16 89 105
7 8 14
62 95 157
6 56 62
9 1 9
80 3 83
35 50 85
8 85 92
22 23 44
56 93 149
11 32 42
41 17 58
86 36 121
24 78 101
66 74 140
33 13 45
8 56 64
29 13 41
47 65 111
28 54 81
20 64 84
86 13 98
32 99 131
99 28 126
88 70 158
96 91 187
68 40 107
63 82 144
54 36 90
100 94 194
22 100 122
84 60 144
50 94 143
32 32 63
99 19 118
39 95 134
98 38 135
20 51 71
34 40 73
100 9 109
60 71 131
33 30 62
79 93 172
82 64 146
26 84 109
34 79 112
48 33 81
45 89 133
81 88 169
43 34 77
35 86 120
55 80 134
55 30 85
18 11 28
19 23 42
5 86 90
74 94 167
26 37 62
8 62 69
48 18 66
57 43 99
28 41 68
28 26 53
30 79 108
21 28 48
19 23 42
12 64 76
53 1 53
16 90 105
51 33 83
18 76 94
17 80 96
33 65 97
33 100 132
48 18 66
10 73 82
90 79 169
48 31 78
10 13 23
54 47 100
23 23 46
9 62 71
36 31 67
33 62 95
99 30 128
95 23 118
9 53 62
59 65 123
99 79 177
98 93 191
67 57 124
19 47 65
14 22 36
96 9 105
53 2 55
4 98 101
52 15 67
17 49 65
38 74 111
21 33 54
80 42 121
94 74 168
100 38 137
92 81 172
100 92 191
63 14 76
100 12 111
41 2 43
1 57 57
88 66 153
28 19 46
7 48 55
31 2 33
98 37 135
34 63 97
55 46 100
81 100 180
44 51 95
93 55 147
82 28 109
72 91 162
61 79 140
15 84 99
69 41 110
22 41 63
84 12 95
31 42 72
46 49 94
59 85 144
43 40 83
64 10 74
44 13 56
100 74 173
73 19 91
46 36 81
33 61 94
1 95 96
21 55 76
26 34 59
65 94 159
25 44 69
36 13 49
96 8 103
64 34 97
23 30 53
73 97 170
5 46 50
17 21 38
8 10 17
6 44 50
12 19 31
61 7 68
77 35 112
23 90 113
65 52 116
51 93 144
76 13 89
1 76 76
12 27 39
20 62 81
61 82 142
63 76 139
5 85 89
43 95 137
12 15 26
75 59 133
42 90 131
99 46 144
97 4 100
84 13 96
25 30 55
69 88 156
63 42 104
27 86 112
2 2 3
3 46 48
67 65 131
66 51 116
34 49 82
4 22 25
51 75 125
20 9 28
99 46 145
21 79 99
47 45 92
36 32 67
96 26 121
26 39 65
34 51 84
17 72 88
87 61 147
28 63 91
93 39 131
85 75 160
75 68 143
26 52 77
51 99 150
95 49 144
95 85 180
8 68 76
14 88 101
11 90 100
16 39 54
50 42 91
69 21 90
16 20 36
40 61 100
48 29 77
62 66 127
25 29 54
63 83 146
56 64 120
70 28 98
12 13 25
36 39 74
51 67 117
12 72 83
44 90 134
11 24 35
4 7 10
50 56 105
87 18 104
32 23 55
10 32 42
30 76 105
2 89 91
20 68 87
3 90 93
32 44 75
20 47 67
84 35 119
100 46 146
11 39 50
77 80 156
9 71 80
61 12 72
43 44 87
6 30 36
27 71 98
93 16 108
73 36 109
50 13 62
13 74 87
5 72 77
5 41 45
16 48 63
10 50 59
82 15 97
16 10 25
80 35 114
8 39 47
77 71 147
32 72 104
89 14 103
75 1 76
73 8 80
61 50 111
4 3 6
52 42 93
80 33 113
3 26 29
49 55 104
3 17 20
43 7 50
47 81 128
3 47 49
10 10 20
58 57 114
14 10 23
12 88 100
3 22 25
38 97 134
88 31 118
59 84 142
10 4 13
11 23 33
88 54 142
58 32 90
89 31 120
3 8 11
6 12 17
96 69 164
24 18 42
28 26 54
45 6 50
2 41 42
28 97 125
31 14 44
58 42 100
10 87 97
32 99 130
4 54 58
8 8 15
92 17 109
88 56 144
46 26 72
62 74 135
50 80 130
12 7 18
7 86 93
91 100 190
55 18 72
72 95 166
2 85 86
33 12 45
9 80 89
76 59 134
11 59 70
34 63 96
13 84 97
35 89 123
4 22 25
23 78 101
78 14 91
85 69 153
75 20 95
56 35 90
56 60 116
79 26 105
94 61 155
42 34 75
93 77 169
84 5 88
73 67 140
42 96 138
66 89 155
69 17 86
34 17 51
62 27 89
63 89 151
5 78 83
60 38 98
42 26 67
16 16 31
34 31 65
56 57 112
63 46 108
30 97 127
89 10 98
73 33 106
97 100 196
6 76 81
61 69 129
14 15 28
27 87 113
62 33 94
42 38 79
48 37 84
48 69 116
7 51 57
66 76 142
37 79 115
64 27 90
58 59 116
60 18 77
67 73 139
64 80 143
5 69 73
99 61 160
44 76 120
84 7 90
65 71 135
58 31 88
33 46 78
35 79 114
48 69 116
25 2 26
53 18 70
91 17 107
95 64 159
40 62 102
96 69 165
98 70 167
16 61 77
7 80 87
16 60 76
46 99 145
75 60 134
33 68 100
85 10 94
89 53 141
20 55 75
34 91 124
22 87 109
28 84 111
13 26 38
28 41 68
28 43 70
8 85 93
19 76 94
48 17 65
75 27 102
36 95 130
6 60 66
40 4 43
97 18 115
48 57 105
19 19 37
75 87 161
21 76 97
31 45 75
1 66 67
80 27 106
37 46 83
40 87 126
84 47 130
13 72 85
28 18 45
71 6 77
51 80 131
38 93 130
73 88 160
30 98 128
27 26 52
11 58 68
60 100 159
95 87 181
45 97 142
67 99 165
13 45 57
45 78 122
2 65 67
93 53 145
14 85 99
48 55 102
40 49 88
94 49 142
79 76 155
13 62 75
12 7 19
96 81 176
53 17 69
46 80 126
3 55 57
39 81 119
59 12 70
7 27 34
86 16 101
70 14 83
98 54 152
98 95 192
90 59 149
55 100 155
5 57 62
45 29 74
39 49 88
22 41 63
17 17 34
20 7 27
61 49 110
40 81 121
34 32 66
20 61 81
85 22 107
71 10 80
55 76 130
81 52 133
63 23 86
3 27 30
91 6 97
26 38 63
57 69 126
98 51 148
56 15 71
58 25 82
70 43 112
25 32 57
3 91 93
88 39 127
2 52 53
48 2 50
57 27 84
70 88 157
67 88 154
92 55 146
4 4 7
71 35 106
35 37 72
82 25 107
38 70 108
54 25 79
40 96 135
28 73 101
90 51 141
82 19 101
63 27 89
17 62 79
26 27 52
63 91 153
63 47 109
95 74 169
59 32 91
3 4 6
61 11 71
79 46 124
36 91 127
26 28 53
59 2 61
99 96 195
17 26 42
78 64 141
55 93 147
6 78 83
12 39 50
86 65 151
65 29 93
29 25 53
36 6 41
9 35 43
13 57 69
15 35 49
96 90 185
85 37 121
67 25 91
68 39 106
98 88 185
58 99 156
12 33 45
64 60 124
45 63 107
5 59 64
17 16 32
10 56 66
99 17 115
95 48 143
79 10 89
91 78 169
55 23 78
69 89 158
73 94 167
95 60 155
97 9 105
41 78 118
26 63 88
64 15 79
71 58 129
48 13 61
71 86 156
61 40 100
16 94 110
34 5 39
14 62 76
40 62 101
28 43 70
11 52 62
93 44 137
71 25 95
79 34 112
49 49 97
57 42 98
20 45 64
84 99 183
95 92 187
44 36 79
29 33 62
36 1 36
30 42 72
38 67 104
60 74 134
6 46 51
68 19 86
11 3 14
30 37 66
77 70 147
22 55 77
40 67 107
21 37 58
2 24 26
10 66 75
5 45 50
96 22 117
67 1 67
96 80 175
80 6 85
55 100 154
65 33 98
73 53 126
1 86 87
45 96 140
82 42 123
99 58 156
14 100 114
97 9 105
60 71 130
76 66 141
88 96 184
9 66 74
97 75 172
55 15 70
61 19 79
82 41 123
18 99 116
59 6 65
23 17 39
12 30 41
100 49 149
90 17 107
51 50 100
6 81 87
63 66 129
77 75 152
58 9 67
1 76 77
79 89 167
38 64 101
1 27 28
92 91 183
89 98 186
35 75 110
19 70 89
78 84 162
26 79 105
65 19 84
91 53 144
62 32 94
99 87 185
16 38 54
54 16 69
18 69 87
71 26 97
16 2 17
99 31 129
21 26 46
53 49 101
77 44 121
42 10 52
37 39 76
71 32 102
14 34 48
92 13 105
77 44 120
29 77 106
90 50 140
63 62 125
22 35 56
61 50 110
32 89 121
72 55 126
57 2 58
88 73 160
62 69 130
24 93 117
16 78 94
51 20 70
78 76 153
53 19 71
59 66 125
75 58 132
29 17 46
39 64 102
66 23 89
1 54 55
38 58 95
30 57 86
26 47 73
22 84 105
49 32 81
3 80 82
28 41 69
81 46 127
41 24 64
78 64 141
93 72 165
3 84 87
29 54 82
87 19 106
98 32 130
74 92 166
46 89 134
28 43 70
89 72 161
32 69 101
12 9 21
3 70 72
91 6 96
7 46 53
7 51 58
35 99 134
29 33 61
11 60 70
89 82 170
26 11 36
70 99 168
37 89 126
7 92 98
65 95 159
91 96 187
10 50 60
43 48 91
26 46 71
90 93 182
84 92 175
86 47 132
76 95 170
97 75 171
37 38 75
97 38 135
85 35 119
70 76 145
44 83 126
85 14 99
5 53 57
76 88 163
24 24 47
81 2 82
43 69 111
48 40 88
56 71 127
17 55 71
34 100 133
86 22 107
69 94 163
91 57 148
12 8 19
54 88 141
70 57 126
41 51 91
70 19 88
81 70 150
64 99 163
17 17 33
21 65 85
54 82 136
38 83 121
59 31 89
61 16 77
55 2 57
57 26 83
18 14 31
16 1 17
55 61 116
11 7 17
39 97 135
47 84 131
59 57 115
7 27 34
58 12 70
89 85 174
89 47 135
97 53 149
7 71 77
43 75 117
18 33 51
71 58 129
80 77 157
72 95 167
51 51 102
85 10 94
70 64 134
14 96 109
19 76 94
15 6 21
2 78 80
92 82 174
93 8 101
41 23 63
38 41 79
40 34 73
86 19 105
59 46 104
86 95 181
19 14 33
87 7 93
95 3 97
72 14 85
87 1 88
13 94 106
85 34 119
3 35 38
64 58 122
57 96 152
46 49 95
73 55 128
21 88 109
87 80 167
38 54 92
55 95 150
6 72 77
10 54 63
84 72 155
4 50 53
94 19 112
18 28 46
40 7 46
2 74 75
82 71 153
59 32 91
67 64 130
97 35 132
62 50 111
92 53 144
23 72 95
54 79 133
32 79 111
40 41 81
38 89 126
34 48 81
8 26 33
18 54 72
41 99 139
69 22 91
28 36 63
84 6 89
70 40 110
76 23 99
74 83 157
57 12 69
82 46 128
13 36 49
34 49 82
32 93 124
83 49 131
32 2 34
60 87 146
78 47 124
54 91 144
87 28 115
82 87 169
23 13 36
2 36 37
34 90 123
44 34 78
35 67 101
65 79 143
82 54 135
28 78 106
73 35 107
17 27 44
12 83 95
52 53 104
31 24 55
24 95 118
96 57 152
12 33 45
30 38 67
22 40 62
25 45 69
65 64 129
49 61 109
15 13 27
94 70 164
7 51 58
42 95 136
13 90 103
36 95 130
47 1 47
13 40 53
66 27 93
9 48 56
49 35 83
1 42 43
31 6 37
16 58 73
52 13 65
2 2 3
54 48 101
91 16 107
35 31 65
76 96 171
60 77 137
74 3 76
45 57 102
71 10 81
91 34 125
22 84 106
65 60 124
67 14 81
48 5 53
81 19 100
83 25 107
10 28 38
28 86 114
41 7 47
53 3 55
25 73 98
88 79 167
93 96 189
92 62 154
71 42 113
46 63 108
1 29 30
71 98 168
20 5 24
7 33 40
8 10 17
9 44 53
75 52 126
17 54 71
81 21 102
16 93 109
65 95 159
43 90 132
80 44 123
62 63 124
5 11 16
47 79 125
59 76 135
56 32 88
87 39 125
7 78 85
77 71 147
23 49 72
78 44 121
62 46 108
88 54 141
100 50 149
60 9 69
33 42 74
16 23 39
42 84 126
100 83 183
83 13 96
31 93 123
32 65 96
41 3 43
65 47 112
68 21 89
18 37 54
70 75 144
41 65 105
78 93 171
70 34 103
71 98 168
73 75 147
25 70 95
13 5 17
48 44 91
15 77 92
31 87 118
91 84 175
41 53 93
66 42 107
85 32 116
21 36 57
62 34 95
67 12 78
87 41 127
53 7 59
98 86 184
52 14 66
82 77 159
76 33 109
26 48 74
67 21 88
88 97 184
72 29 100
67 86 153
11 98 109
70 14 83
68 88 156
67 92 159
65 34 99
12 33 45
86 1 86
86 71 156
32 62 93
49 94 143
79 47 125
78 92 170
50 76 126
77 64 140
25 21 45
1 6 7
58 83 141
62 83 145
10 49 59
81 11 91
60 9 69
38 58 95
93 32 125
24 9 32
68 37 105
18 42 59
35 47 81
77 56 133
7 52 59
86 91 176
88 5 93
86 74 159
51 41 92
91 63 153
85 19 104
8 99 106
81 20 101
80 74 153
1 75 75
53 11 64
44 82 126
33 30 62
18 30 47
65 4 68
71 23 93
74 79 153
98 8 105
91 75 166
86 24 109
20 51 70
89 63 152
72 35 107
95 94 189
13 86 98
17 68 85
27 29 56
14 9 22
1 25 25
60 28 88
3 81 83
73 94 167
56 16 71
27 50 76
65 67 132
15 93 108
84 2 86
10 4 14
79 2 80
35 5 39
32 83 115
47 44 91
96 87 182
8 38 46
68 87 155
3 37 40
65 8 72
45 38 82
80 45 125
51 65 115
95 68 162
42 91 132
41 6 47
15 77 92
18 68 86
23 68 90
95 50 144
65 81 146
70 25 94
84 4 88
33 17 50
86 92 178
65 29 93
77 9 85
89 16 104
91 74 165
88 27 114
98 37 134
47 89 136
50 18 68
67 32 99
26 44 69
78 29 106
84 48 131
78 74 151
58 44 102
89 68 157
83 3 85
89 20 108
5 88 93
10 33 43
26 100 126
21 71 92
3 27 30
58 74 132
73 48 120
88 98 185
14 47 60
74 99 173
3 32 34
50 91 140
2 16 17
76 56 131
64 97 160
46 87 132
80 77 156
95 69 164
3 36 38
20 50 70
67 2 69
81 50 131
74 41 114
3 43 46
47 38 85
91 30 121
78 45 122
7 88 95
20 2 22
62 36 98
14 99 113
51 30 81
46 82 128
23 61 83
46 12 58
6 12 18
67 3 69
10 39 49
80 49 129
85 14 98
90 64 154
63 99 161
99 67 165
48 58 106
88 27 115
79 48 126
55 87 142
100 87 187
41 41 81
38 10 48
20 96 115
10 8 17
31 98 129
66 47 112
89 3 92
12 6 17
10 52 62
88 43 131
39 4 43
61 40 101
68 42 109
10 49 59
90 4 93
22 91 112
63 31 94
58 5 63
5 97 101
76 34 109
68 78 145
15 7 21
94 66 159
41 1 42
92 12 104
91 58 148
14 59 73
36 19 54
49 81 129
78 96 173
10 7 17
26 23 48
98 18 115
17 39 56
87 59 145
82 76 158
13 77 90
63 63 126
72 37 108
81 31 112
71 94 165
52 42 93
34 38 72
92 64 156
95 42 137
14 58 72
82 38 120
65 50 115
32 81 113
61 2 63
88 79 167
74 65 138
75 36 110
49 10 59
71 77 147
41 26 66
69 9 78
8 58 66
15 28 43
73 31 104
65 84 149
87 26 112
13 98 110
69 30 99
18 87 104
69 64 132
96 87 182
73 48 121
57 3 59
73 93 166
54 56 110
88 46 133
83 78 161
33 37 70
89 92 180
45 63 107
86 41 126
2 85 87
79 64 142
76 30 105
4 36 39
72 98 169
52 66 118
6 70 75
82 47 128
25 75 100
52 60 111
26 5 30
88 21 108
61 81 141
92 44 136
40 16 56
59 45 104
11 8 19
15 99 113
54 53 106
55 48 102
15 59 73
59 88 146
28 96 124
84 34 118
2 83 84
21 29 49
43 60 103
97 96 192
42 80 121
19 91 110
33 90 123
44 68 111
31 37 68
73 24 97
50 62 111
62 56 118
22 54 76
75 85 159
86 98 183
41 46 86
22 90 112
9 75 84
22 84 105
81 45 125
14 83 96
31 92 123
50 46 95
31 56 87
85 70 154
66 7 73
98 57 154
74 45 119
15 7 22
8 96 103
52 25 76
85 43 128
54 85 139
2 70 72
62 49 110
85 60 145
83 44 127
79 98 177
35 33 67
62 26 88
36 18 54
42 68 109
17 6 23
6 34 39
41 78 118
18 34 52
55 76 130
23 36 59
37 6 43
32 71 103
6 15 21
82 57 139
21 72 92
28 55 83
22 26 48
83 42 124
38 23 60
38 64 102
76 54 129
7 32 38
13 35 48
76 70 145
53 38 91
32 14 45
46 9 55
40 73 112
69 52 120
52 84 135
54 17 71
42 33 74
54 60 114
36 56 91
24 68 91
44 91 135
1 12 12
17 25 41
81 96 176
60 21 80
92 47 139
5 6 10
83 90 173
33 99 132
27 5 32
54 35 88
50 88 137
99 16 115
17 72 89
30 47 77
80 73 153
97 37 133
11 57 67
54 30 83
26 19 45
87 74 160
33 94 126
81 4 84
98 35 132
81 90 170
73 2 74
55 11 65
32 77 108
78 15 92
86 3 88
71 88 159
24 6 29
87 4 90
31 48 78
41 61 101
33 42 74
10 60 69
42 37 79
33 8 41
3 64 66
65 51 115
37 32 69
43 8 51
38 86 124
70 7 76
15 57 71
12 96 107
62 5 67
94 62 156
20 71 91
46 87 132
13 93 105
75 44 118
17 53 69
73 67 140
25 14 38
72 16 87
96 16 112
6 78 83
42 17 58
57 90 147
36 4 40
31 82 112
93 91 183
99 51 150
88 93 180
5 89 94
92 78 170
98 7 104
70 23 93
34 91 125
68 86 154
23 92 115
47 86 132
57 12 68
14 65 78
20 80 100
95 88 183
84 28 112
33 56 89
27 27 53
37 21 58
64 71 134
7 63 70
98 74 171
77 47 123
60 79 139
61 30 91
75 84 158
35 1 35
49 83 131
80 11 91
98 82 180
5 5 9
60 51 110
56 94 149
76 55 131
93 14 106
58 57 115
34 82 115
81 56 136
14 94 107
18 99 117
95 74 168
58 47 104
81 66 146
56 9 64
60 98 158
100 23 122
50 83 133
54 74 127
52 65 117
49 41 89
31 7 37
79 53 132
75 29 103
24 74 97
86 58 143
19 60 79
89 40 128
49 96 144
18 1 19
22 80 102
43 6 48
46 56 101
66 34 100
94 2 96
87 93 180
96 79 174
31 63 93
29 50 78
97 77 173
1 19 19
59 81 140
97 50 147
47 75 121
36 78 114
32 2 33
80 22 101
83 89 172
70 26 95
32 61 92
15 27 42
89 61 149
79 77 155
46 31 77
1 31 32
54 98 151
6 51 56
67 16 83
9 15 24
28 23 50
28 44 72
13 29 42
44 22 65
76 12 87
16 96 111
75 78 153
62 100 161
71 29 100
90 55 145
93 95 188
33 8 40
59 36 94
89 42 130
64 15 79
89 9 97
58 27 84
66 23 88
86 84 169
72 37 109
2 21 22
25 99 123
36 94 129
92 73 164
89 57 146
54 72 126
3 4 6
63 33 95
33 91 124
87 72 159
18 3 21
2 25 27
16 26 42
35 86 120
58 70 127
58 46 103
17 7 24
3 83 85
10 46 55
16 84 99
36 17 52
41 94 135
23 17 40
33 34 66
64 2 65
64 96 160
20 84 104
5 85 90
28 51 79
74 92 165
38 3 41
56 94 149
19 12 31
82 75 157
84 82 166
9 29 38
93 58 150
36 72 108
26 12 38
74 3 77
37 90 127
45 2 47
37 3 39
28 25 52
60 15 75
84 70 154
47 29 75
40 11 51
68 75 143
20 64 84
35 66 101
88 24 112
27 17 44
28 74 102
79 90 169
79 20 98
71 40 110
57 2 59
49 91 140
87 73 160
70 81 151
78 47 125
2 51 53
97 5 101
87 80 166
9 97 105
45 7 51
33 87 119
80 81 161
99 79 177
97 32 129
73 4 77
90 67 156
54 52 106
4 30 33
62 56 118
27 96 122
100 31 131
1 5 5
27 76 102
48 90 138
73 75 148
52 75 127
31 5 35
46 39 84
53 85 137
37 97 133
40 86 126
87 93 180
23 47 70
71 23 93
73 65 137
67 78 145
47 48 94
40 14 53
37 76 112
26 85 110
69 98 167
15 8 23
40 55 95
8 93 101
31 85 116
55 72 126
86 49 135
59 42 100
69 96 164
93 26 118
7 13 19
99 52 151
17 24 40
19 58 77
30 85 114
93 80 173
77 63 139
46 39 85
73 81 154
24 45 68
40 75 114
54 99 152
23 69 92
59 29 87
85 55 140
98 8 105
29 37 65
34 38 71
78 95 172
65 1 65
69 12 81
7 98 104
32 95 126
8 32 39
43 43 85
63 87 150
47 6 52
80 98 178
32 96 127
42 36 78
43 43 86
92 68 159
72 28 99
71 50 121
29 11 39
19 77 96
11 47 58
44 20 64
32 97 129
81 57 138
15 40 54
95 58 153
62 74 136
32 91 122
52 2 54
43 62 105
91 14 105
51 77 127
88 28 115
85 56 140
17 11 27
16 83 99
38 25 62
62 40 101
41 13 53
68 77 144
26 32 57
80 100 179
92 5 97
9 44 52
74 22 95
59 38 96
82 21 102
40 29 69
46 27 72
51 64 115
27 81 107
22 96 117
12 100 111
72 43 115
31 46 76
63 89 152
79 54 133
50 25 74
13 24 37
14 43 57
94 52 145
80 9 89
23 28 50
45 86 130
70 70 140
4 32 35
6 49 55
45 13 57
96 26 121
40 62 101
61 95 156
8 72 80
87 1 88
96 51 147
55 70 125
81 19 100
13 64 76
14 44 57
37 92 128
9 53 61
71 90 161
4 98 102
26 30 56
37 4 40
50 30 79
42 61 102
27 91 117
57 66 123
75 99 173
79 93 171
17 44 60
24 14 37
57 32 88
85 65 150
17 41 58
28 87 115
70 77 146
86 76 162
26 78 104
5 89 94
87 86 173
76 38 113
72 92 164
94 14 108
75 22 96
66 70 135
11 65 76
52 16 67
29 80 109
56 20 76
47 58 104
37 55 91
88 80 168
68 96 164
88 14 101
25 96 121
4 44 48
53 62 115
37 96 132
18 97 115
26 85 111
5 81 86
97 67 163
5 96 101
93 63 156
10 63 72
44 10 53
17 59 75
73 7 79
23 43 66
30 10 40
30 90 120
45 15 59
26 54 80
17 11 27
35 85 120
27 23 50
86 5 90
25 35 60
40 22 62
79 65 144
67 58 124
33 12 44
85 75 160
50 57 107
84 26 109
57 15 72
39 63 101
38 94 132
46 67 112
18 52 69
27 98 125
37 13 49
51 78 128
85 87 172
61 9 69
89 91 180
93 25 117
11 68 79
68 6 74
49 94 142
5 23 27
9 66 74
71 34 105
22 73 95
26 6 31
7 6 12
74 22 96
35 42 76
52 96 148
71 6 76
73 7 80
62 79 140
59 94 153
18 70 87
62 68 130
51 89 140
61 12 72
47 23 69
19 1 20
14 76 89
99 61 160
44 32 76
61 88 149
9 45 53
85 83 168
84 17 100
62 45 106
74 25 98
96 97 193
53 23 76
15 91 106
69 26 94
56 95 150
56 7 62
21 87 107
65 70 135
43 92 135
90 84 173
100 27 127
1 12 12
41 17 58
88 29 117
75 63 137
8 67 74
8 51 58
59 32 90
90 33 123
12 42 54
91 85 175
68 84 152
70 78 147
72 97 169
71 63 134
24 44 67
64 46 109
60 88 148
72 37 108
42 65 106
26 9 34
53 11 64
83 28 110
52 25 76
68 90 157
98 55 152
75 19 93
33 8 41
89 42 131
90 50 139
95 86 180
64 4 67
50 84 133
92 56 147
9 86 95
21 21 41
30 99 128
22 11 33
28 55 82
69 1 70
23 86 109
40 89 129
1 9 10
19 90 108
54 95 148
33 83 116
79 25 103
23 43 66
2 27 28
52 8 59
97 25 122
70 69 138
80 95 175
32 18 49
6 55 61
84 68 152
14 24 38
76 78 153
89 15 104
93 25 118
73 76 149
87 98 185
88 80 168
60 86 145
85 59 143
15 52 66
60 73 132
100 6 105
61 55 116
13 68 81
6 56 61
13 22 34
48 37 84
69 54 122
38 59 97
88 32 119
9 18 26
20 59 79
3 36 39
61 67 127
53 46 98
29 38 66
51 31 82
12 81 93
37 42 78
46 16 61
10 93 103
2 84 85
10 68 77
41 67 108
64 5 69
89 76 164
67 42 109
82 40 122
82 15 97
65 71 135
47 9 55
57 34 91
86 6 92
45 92 137
70 30 99
66 55 121
29 34 62
41 46 87
91 71 162
75 74 149
65 21 85
40 6 46
42 37 78
53 80 133
4 60 64
75 87 162
31 46 77
68 44 111
3 48 50
92 91 183
43 4 46
67 45 112
80 49 129
11 14 25
11 21 31
68 71 139
30 20 49
69 88 156
95 44 139
16 57 72
74 16 89
63 20 83
70 63 133
45 16 60
52 6 57
13 86 99
43 86 129
68 73 140
93 6 98
100 52 151
12 3 15
39 40 79
99 13 112
52 83 134
21 17 37
78 53 131
98 95 193
100 97 196
29 31 59
32 72 104
32 26 58
2 43 44
76 70 145
44 93 137
91 22 112
56 91 147
8 73 80
1 95 95
99 6 105
60 25 84
94 75 168
27 64 90
19 91 110
64 61 124
31 20 51
11 83 93
69 71 139
44 35 79
3 56 58
100 5 105
64 9 72
68 69 137
30 58 88
42 76 117
26 27 53
72 98 170
15 88 102
80 86 165
47 50 97
70 36 105
44 50 94
28 90 118
46 47 92
17 30 46
54 45 99
32 55 87
97 1 97
41 66 107
79 62 140
82 17 98
72 1 73
93 21 113
51 44 95
29 32 60
88 42 130
22 47 68
57 15 72
65 58 122
57 13 69
33 48 81
78 100 178
51 34 84
46 86 132
46 79 125
77 20 96
10 45 54
46 65 110
49 86 135
77 50 126
88 76 163
49 44 92
90 50 140
72 43 114
97 89 186
38 41 78
4 87 90
41 33 74
11 24 35
20 96 115
22 1 22
65 15 79
56 64 120
55 84 139
33 64 97
18 33 51
73 72 145
33 33 66
87 65 152
82 58 139
88 14 101
80 88 167
20 23 43
82 5 86
22 37 58
1 11 12
89 3 91
12 31 43
38 61 99
15 93 107
72 40 112
19 11 29
32 76 107
45 65 110
84 11 95
67 52 119
80 40 120
96 100 196
84 61 144
72 76 148
19 95 114
29 46 74
90 18 107
1 2 2
77 18 95
21 74 95
36 16 52
26 75 100
44 76 120
14 91 105
35 23 58
35 38 73
12 86 98
17 36 53
48 69 116
89 38 127
48 7 55
19 80 99
21 32 53
32 69 101
26 51 77
37 45 82
64 68 131
27 85 112
21 14 35
3 84 87
11 95 106
69 93 161
38 42 80
21 78 99
98 17 114
93 72 165
27 89 116
19 52 70
61 56 117
5 100 105
66 7 73
32 88 119
93 27 119
62 4 65
76 6 82
56 69 124
48 63 110
21 16 37
59 15 74
76 67 142
84 46 130
70 92 161
77 67 144
32 75 106
49 77 126
39 25 64
30 42 71
40 100 140
58 35 93
40 95 135
33 66 99
35 77 111
75 62 136
32 40 72
56 51 107
34 11 44
5 39 44
69 54 122
59 89 148
56 71 126
90 9 98
74 75 149
69 79 147
4 93 96
19 51 70
74 61 135
18 71 88
53 50 103
91 81 171
23 94 117
100 33 133
54 52 106
60 53 112
7 60 66
88 94 182
51 10 61
74 13 87
99 76 174
57 1 57
55 88 142
35 1 35
59 53 112
43 26 69
33 33 66
46 51 97
38 20 57
60 99 159
67 88 155
100 89 189
23 6 28
64 78 142
91 35 126
43 9 51
44 70 113
74 76 149
67 68 134
18 20 37
75 33 108
62 70 132
52 26 78
29 23 52
19 90 109
6 83 89
58 37 94
22 30 51
48 29 76
69 86 154
87 95 181
35 38 72
62 1 62
4 70 73
61 18 79
9 84 92
17 98 115
25 70 95
7 95 101
89 82 171
14 80 93
55 51 106
88 44 132
60 61 120
61 96 156
27 17 43
73 24 97
21 100 121
2 67 69
80 5 84
91 41 132
62 34 95
10 93 102
85 7 92
65 30 95
52 69 121
71 97 167
36 87 122
39 30 69
100 79 179
58 75 133
66 80 146
96 25 120
21 30 51
58 85 142
11 59 70
5 80 84
67 14 80
65 34 99
70 48 117
21 23 44
1 38 38
15 90 104
23 72 95
73 100 172
12 89 100
93 17 110
58 62 119
40 35 74
63 1 64
3 75 78
73 41 113
48 33 81
7 96 102
90 48 138
92 66 157
93 93 185
70 49 118
83 15 98
58 4 62
93 18 111
82 10 91
89 67 156
17 98 114
76 94 169
36 1 36
73 8 80
90 28 118
27 19 46
64 34 97
32 24 56
81 61 142
23 18 40
8 55 63
97 83 180
23 34 57
73 68 141
62 94 155
44 94 137
46 28 73
16 56 71
43 5 47
9 38 47
68 38 106
64 64 128
48 21 68
78 49 127
13 4 17
12 63 74
41 95 136
23 59 81
89 65 153
55 10 64
48 69 117
51 22 73
24 84 107
8 62 69
15 41 55
5 37 41
18 83 101
94 81 175
7 51 58
74 13 87
98 98 195
34 70 104
77 45 122
6 78 84
77 42 118
12 36 48
72 72 143
49 40 89
33 93 125
39 14 53
94 78 172
46 90 136
82 22 103
58 10 68
88 88 176
71 62 133
76 53 129
80 54 133
55 19 74
62 52 113
20 43 62
51 18 68
75 30 104
73 96 168
17 9 26
78 2 79
42 22 64
41 43 83
25 25 49
66 22 87
16 83 99
5 89 93
37 32 68
55 43 97
84 56 140
4 11 15
85 57 141
84 72 155
21 22 42
29 74 102
88 54 142
60 45 105
52 24 75
95 39 134
78 89 167
57 81 138
83 100 183
17 33 50
43 19 62
37 82 119
16 12 27
44 46 90
90 90 179
51 24 75
10 100 109
65 13 78
24 14 38
24 68 92
56 34 90
36 33 69
78 9 86
22 44 65
35 23 58
50 74 123
62 21 83
51 80 130
83 11 94
23 47 69
31 53 84
8 89 97
17 21 37
95 58 152
97 28 125
34 94 128
31 34 64
87 94 181
20 85 105
92 78 169
71 64 135
4 10 13
69 96 165
74 50 123
8 14 21
75 7 81
34 14 48
69 72 140
48 75 123
25 19 43
10 31 40
65 75 139
52 77 128
76 2 77
34 70 104
46 91 136
6 16 22
22 18 39
32 15 46
7 67 73
34 40 73
43 58 101
80 66 145
77 16 93
57 62 118
8 17 25
87 61 148
20 46 66
76 93 169
10 30 39
66 35 101
74 37 111
83 2 85
2 7 8
17 46 62
94 45 138
27 3 30
50 26 76
12 6 18
9 86 95
5 59 64
10 39 48
71 16 87
90 12 101
14 55 69
85 16 100
48 69 117
97 79 176
85 25 110
5 36 40
60 81 140
23 32 54
20 28 47
50 42 92
35 56 91
16 83 99
33 28 61
8 86 94
86 86 172
29 93 121
76 78 154
95 100 194
55 59 114
34 74 107
97 11 108
46 3 49
96 41 137
79 11 90
52 88 140
52 55 107
13 37 50
91 31 121
62 51 113
1 86 86
65 73 138
33 74 107
66 53 119
2 84 86
58 28 85
56 57 113
61 60 120
39 19 57
83 19 102
71 20 91
91 35 125
73 41 113
86 93 178
1 70 71
98 33 131
57 33 89
10 95 104
28 27 54
89 10 98
6 40 46
32 19 50
61 95 155
4 79 83
35 52 86
20 51 70
50 95 144
26 62 87
55 58 112
72 24 95
87 95 182
5 86 91
53 71 124
44 37 80
3 5 8
86 98 184
53 70 123
89 49 137
96 48 143
92 86 178
66 15 81
47 56 102
90 70 160
96 65 160
61 12 72
3 11 13
99 50 148
52 77 128
48 7 55
37 7 43
4 65 69
10 30 40
61 13 73
42 68 110
33 57 90
78 67 144
65 80 145
37 27 64
58 52 109
34 82 115
23 71 94
25 16 40
86 23 109
93 70 163
39 75 114
50 22 71
49 97 146
13 19 32
13 90 103
10 83 93
27 28 54
90 50 140
60 14 73
66 11 76
75 98 173
79 25 104
81 75 155
97 92 189
52 63 114
42 16 58
61 52 113
50 85 134
15 26 41
2 67 69
11 88 98
39 86 124
98 85 183
22 7 29
18 91 109
100 99 199
80 26 106
98 19 117
94 100 193
44 90 134
11 72 83
8 65 73
62 8 69
8 90 98
26 97 122
3 57 60
90 27 116
39 31 69
13 70 83
48 90 137
55 70 124
36 79 115
29 86 114
73 65 137
55 8 62
88 21 108
25 88 112
4 41 45
64 46 110
75 94 169
37 3 39
89 73 161
95 31 125
33 17 50
95 83 177
96 74 170
19 31 50
63 72 134
14 52 66
64 61 125
2 23 24
15 65 80
39 84 122
97 88 184
8 5 13
50 62 111
21 73 94
94 16 110
92 78 169
83 82 164
2 57 59
53 34 86
11 65 75
6 73 78
23 55 77
15 47 62
39 23 61
55 91 146
84 35 118
2 37 39
2 69 71
19 47 66
65 100 164
89 50 139
5 11 15
17 4 21
76 85 160
98 91 189
64 9 73
47 53 99
41 13 54
7 55 62
52 42 94
36 84 120
62 25 87
79 99 178
33 73 106
97 69 165
3 27 30
35 55 89
34 27 61
12 83 94
8 30 38
31 95 125
16 77 92
33 31 64
31 19 50
71 73 143
84 83 166
5 38 42
89 81 169
87 54 141
18 40 58
100 14 114
92 95 186
28 63 91
68 66 133
89 38 127
91 8 99
16 8 24
69 8 77
77 13 89
41 85 126
23 91 113
55 57 111
31 48 78
33 96 128
43 23 66
38 45 82
56 30 86
33 38 71
20 76 95
13 38 50
4 68 72
76 72 148
9 90 98
86 90 176
17 14 30
32 19 51
90 95 185
37 22 58
65 7 71
98 65 162
89 32 120
27 35 61
53 94 146
79 57 135
60 21 81
76 25 100
31 85 115
39 73 112
61 2 62
11 42 52
74 20 93
38 65 103
69 56 125
59 70 128
98 38 136
90 5 94
93 32 124
97 97 194
47 85 132
51 2 52
43 62 105
70 74 143
6 93 98
46 44 90
88 72 159
90 7 97
74 15 89
99 39 137
65 72 137
64 71 134
33 58 91
28 17 45
86 29 115
77 17 93
90 84 174
99 10 109
28 63 91
41 8 49
12 50 62
48 47 94
26 29 55
51 32 82
99 35 133
91 24 114
52 65 117
82 72 154
95 56 151
22 72 94
20 31 50
71 98 169
64 65 128
90 62 152
96 2 97
12 84 96
58 35 92
79 18 96
40 87 127
68 59 127
24 36 59
5 70 74
36 46 81
86 35 121
16 65 80
30 5 34
27 76 102
29 64 93
76 72 147
11 34 45
18 66 84
89 19 107
87 71 157
5 44 48
41 79 120
72 95 166
41 98 139
88 11 99
83 28 110
31 43 73
97 77 174
29 10 39
3 1 4
36 12 48
100 70 169
67 61 128
28 24 52
24 9 32
48 80 127
65 88 152
88 87 174
89 39 127
54 86 140
69 34 102
1 76 77
73 19 91
91 26 117
27 60 87
66 100 165
72 39 110
51 8 58
53 40 93
83 55 137
95 31 125
32 25 57
87 27 113
54 84 137
54 41 94
48 80 128
100 73 173
49 79 127
63 71 133
89 96 184
76 43 118
7 73 80
100 72 171
11 54 65
7 66 73
37 89 125
22 44 65
48 90 138
22 48 69
60 6 65
30 12 41
86 64 150
43 78 120
51 95 146
41 99 139
39 74 112
46 42 87
16 76 92
50 25 75
53 11 64
84 72 155
83 13 96
80 15 94
38 59 97
24 75 98
11 34 45
52 2 54
56 88 144
69 99 167
78 38 116
72 27 99
35 1 35
47 72 118
71 46 116
45 59 103
67 95 162
28 85 113
79 16 94
42 29 70
1 83 83
32 21 52
12 61 72
87 20 106
80 39 119
19 3 21
29 16 44
10 2 11
27 81 108
2 89 90
27 8 34
92 47 139
8 95 102
77 5 81
79 31 109
13 2 15
90 46 135
1 81 81
13 54 66
95 60 154
75 17 91
2 37 38
49 24 73
66 30 95
25 65 90
54 99 152
4 2 5
70 3 72
48 14 62
36 3 38
60 67 126
85 57 141
36 72 107
96 33 128
6 100 105
95 60 154
22 61 82
15 60 75
100 83 183
72 82 153
83 15 97
90 15 104
1 74 75
76 80 156
52 8 59
2 61 63
85 2 87
3 48 51
6 54 60
83 39 121
72 3 74
95 66 161
30 38 67
33 34 67
34 88 122
18 33 51
5 72 77
98 77 174
98 38 136
39 57 96
90 50 140
47 82 128
22 15 36
18 58 76
63 44 107
58 22 80
25 97 121
31 86 117
56 69 125
5 62 66
87 90 177
19 86 104
38 22 60
62 34 95
16 32 47
47 89 135
10 67 76
81 99 179
88 94 181
65 57 122
40 1 40
86 96 182
40 99 138
97 2 98
42 51 92
64 26 90
99 99 198
22 65 86
88 92 179
38 53 91
26 20 45
91 47 138
31 58 89
85 75 160
19 41 59
7 20 26
25 74 98
84 58 142
97 75 172
41 27 67
33 45 77
21 48 69
37 69 105
55 17 71
63 29 92
80 79 158
30 46 76
49 73 121
39 49 87
1 17 17
22 2 24
8 66 74
75 23 97
81 61 142
42 87 128
42 58 100
60 89 149
17 60 76
2 9 11
14 31 44
63 40 103
78 57 135
46 99 145
57 92 149
9 8 16
41 86 126
53 30 82
44 29 73
71 79 149
8 99 107
65 91 155
35 30 64
18 86 104
9 63 72
63 92 155
89 50 138
47 23 70
2 84 85
72 41 112
14 48 62
100 51 150
50 90 139
31 75 105
66 71 136
89 46 134
73 87 160
69 43 111
75 12 87
4 23 27
2 97 98
88 25 113
58 17 74
81 30 110
1 28 29
85 89 173
97 39 135
44 24 68
82 86 168
41 51 91
24 100 124
91 52 142
83 42 125
51 58 109
89 11 99
31 18 49
9 9 18
53 33 86
51 46 96
94 88 181
53 65 118
70 99 168
46 89 135
88 58 145
97 10 106
95 93 188
4 68 71
11 25 36
60 90 150
44 49 92
30 19 49
62 95 156
25 27 51
53 94 147
31 48 79
11 6 16
1 97 98
98 24 121
36 23 58
12 45 57
67 40 107
61 58 119
4 50 54
27 55 81
64 5 69
24 11 35
46 77 123
80 71 150
24 71 94
14 10 24
12 21 33
40 34 74
88 41 129
41 31 71
3 93 95
81 30 111
37 23 59
45 33 78
68 99 167
52 30 81
38 97 134
18 31 48
30 11 40
69 57 126
82 71 153
65 40 105
99 88 187
8 47 54
5 82 86
37 61 98
99 69 168
45 95 140
67 1 67
6 68 73
71 48 118
93 13 106
67 7 74
19 13 32
20 89 109
40 93 132
38 88 125
44 30 74
41 61 101
16 85 101
42 40 82
14 14 28
54 89 143
11 44 55
66 55 120
80 29 108
71 85 156
73 46 119
40 89 129
58 24 82
54 8 61
89 36 125
10 14 24
54 85 138
94 80 174
60 25 84
21 29 49
11 24 34
72 34 106
23 89 111
62 55 116
69 43 111
26 89 114
53 4 57
62 67 128
19 34 52
6 74 80
42 9 51
10 10 20
60 51 111
9 54 63
49 25 73
44 3 46
26 97 123
34 70 103
18 61 78
3 23 26
61 48 109
10 38 48
49 62 110
12 23 35
48 46 94
87 52 138
33 51 83
73 18 90
45 12 57
10 11 21
50 25 74
81 47 128
8 77 85
35 93 127
63 61 123
88 69 157
49 53 102
90 88 177
45 28 73
37 74 111
65 19 83
72 55 127
77 5 81
96 65 161
20 88 108
20 19 39
53 97 149
66 20 86
78 35 112
69 10 78
24 88 111
74 30 103
46 32 78
5 28 33
29 25 53
72 58 130
37 82 118
23 66 89
72 97 169
34 90 124
85 25 110
41 68 108
53 94 146
36 33 69
60 28 88
57 48 104
33 16 48
12 85 96
81 26 106
30 95 124
1 55 55
1 75 76
83 20 103
4 60 64
18 2 20
26 26 51
32 8 40
98 54 152
47 96 142
43 94 136
46 34 80
30 34 63
98 57 155
35 22 56
6 88 94
61 84 144
65 40 104
86 64 150
25 11 36
20 53 73
29 22 50
30 78 107
6 98 103
15 23 37
67 62 129
89 31 120
76 83 158
75 9 83
87 26 112
58 82 140
99 85 184
21 12 32
84 44 127
38 3 41
75 9 83
97 66 163
81 46 127
86 80 165
87 87 173
82 88 169
95 5 99
47 47 93
91 29 119
57 54 111
83 89 172
21 40 61
30 39 69
97 12 108
26 32 58
78 36 114
33 79 112
40 83 122
70 1 70
32 42 74
57 92 148
95 58 152
24 68 92
95 68 162
94 98 192
16 21 36
91 85 176
9 90 99
34 22 56
67 60 126
14 9 23
45 70 115
86 97 182
84 1 84
87 87 173
41 63 103
61 72 133
32 76 108
83 40 123
14 1 14
61 1 61
89 60 149
65 80 145
22 95 117
50 45 95
36 83 118
64 73 137
58 80 138
14 52 66
19 53 72
90 28 117
76 65 140
66 53 118
64 85 149
65 5 69
49 29 78
13 26 38
42 19 60
25 94 119
65 30 95
99 45 143
89 72 161
100 89 189
21 60 81
73 53 125
81 44 124
54 72 125
28 40 67
3 52 55
49 31 79
91 73 164
52 25 76
29 45 74
43 48 90
22 90 111
53 93 146
74 42 116
99 94 192
4 56 60
90 31 120
65 94 159
6 96 102
15 50 64
55 17 71
28 57 85
17 14 30
89 58 147
45 2 46
2 80 82
69 49 118
95 27 122
63 12 74
27 16 42
77 67 144
83 51 134
85 75 159
36 33 69
10 49 59
99 23 121
3 54 56
99 48 146
53 11 64
16 34 49
64 43 106
72 34 106
71 49 120
73 42 114
96 32 127
49 81 130
71 91 162
43 53 95
11 28 38
54 38 91
82 98 180
13 49 61
89 6 94
29 80 109
76 62 138
19 84 103
66 13 79
71 79 149
42 78 120
52 59 110
34 16 49
81 54 135
47 95 142
90 95 184
48 22 69
7 39 46
13 62 74
41 99 140
17 93 109
47 40 87
74 33 107
97 70 166
67 35 102
85 8 92
45 8 52
92 23 115
