100
46 45 2070
9 67 602
34 70 2379
18 23 413
18 70 1259
33 77 2540
72 53 3816
23 75 1725
4 43 172
89 53 4717
79 98 7742
39 54 2105
78 53 4134
78 67 5225
77 45 3465
95 74 7030
81 97 7856
20 88 1759
12 90 1080
4 33 132
70 17 1190
88 53 4663
70 5 350
43 13 559
14 13 182
62 8 496
55 21 1155
19 81 1538
80 87 6959
50 94 4700
73 75 5475
38 61 2318
67 93 6231
69 83 5726
11 52 571
70 45 3150
100 59 5900
93 39 3627
22 76 1671
45 18 809
71 45 3194
20 6 120
39 3 117
90 73 6569
89 72 6408
97 73 7081
34 72 2447
73 93 6788
9 57 512
90 84 7559
63 6 377
48 83 3983
11 9 99
47 47 2209
73 46 3357
53 79 4186
56 92 5152
17 44 748
84 73 6131
73 32 2335
95 39 3704
4 39 155
92 44 4047
91 2 182
89 77 6853
32 58 1855
64 67 4287
3 62 186
96 53 5088
72 89 6408
65 8 519
18 74 1332
81 90 7289
93 36 3347
26 85 2210
33 30 990
35 87 3044
57 48 2736
99 12 1188
56 97 5431
62 75 4649
58 75 4349
93 100 9299
66 3 198
96 45 4319
73 85 6205
83 23 1908
5 62 309
29 25 725
41 10 409
16 79 1264
37 62 2293
4 38 152
39 25 974
62 54 3348
98 76 7447
20 68 1359
56 40 2239
31 96 2975
11 42 461
