100
59 27 86
98 2 99
21 31 52
70 77 147
60 6 65
86 35 121
96 39 135
30 3 33
45 25 70
70 34 103
96 46 141
73 86 158
69 49 118
28 15 42
50 89 138
56 45 100
75 96 171
66 15 81
14 86 99
100 27 127
24 94 118
6 15 21
36 54 89
60 77 136
38 21 59
82 58 139
17 27 43
74 23 97
64 19 83
26 19 44
41 100 141
96 48 144
96 97 193
30 87 117
76 87 162
81 6 87
58 55 112
60 38 97
80 22 101
88 90 177
72 87 158
8 35 43
40 19 58
79 85 163
87 18 105
65 75 139
16 74 89
88 16 104
85 98 183
86 42 128
22 26 48
4 16 20
34 90 124
9 68 77
83 10 93
100 21 120
29 90 118
89 26 114
80 43 123
70 7 76
95 81 175
57 86 142
66 14 79
98 85 182
1 81 81
37 83 119
73 96 168
33 71 104
16 18 33
82 42 123
81 52 133
75 69 143
17 24 41
73 34 106
24 100 124
93 87 180
35 67 101
61 70 131
68 19 86
47 72 118
36 76 111
83 45 127
66 12 77
35 76 110
19 25 44
98 27 125
90 64 154
20 64 83
64 85 148
22 98 120
97 15 112
43 13 55
80 46 126
97 27 123
22 92 114
16 40 55
34 57 91
43 53 96
86 6 91
68 34 101
